0001 0 6
0002 0 8
0003 0 9
0006 1 23
0007 0 6
0008 1 14
0009 0 10
0010 0 14
0012 0 10
0013 1 17
0014 1 11
0016 1 22
0017 0 16
0018 1 9
0019 0 9
0020 0 9
0021 0 9
0022 0 7
0023 0 9
0025 1 23
0026 1 13
0027 0 10
0028 0 3
0029 1 9
0030 0 9
0031 0 35
0032 0 21
0033 0 8
0034 0 10
0035 0 16
0037 0 13
0038 0 11
0039 1 11
0040 1 16
0041 0 10
0043 0 11
0044 1 34
0045 1 9
0046 0 8
0047 1 18
0048 0 16
0049 0 9
0050 0 10
0051 0 11
0053 0 10
0054 1 26
0055 0 30
0056 1 13
0057 0 9
0058 0 9
0059 0 7
0060 0 8
0061 1 18
0062 0 10
0064 0 8
0065 1 14
0067 0 11
0068 0 7
0069 0 9
0070 0 7
0071 0 7
0073 0 8
0075 0 10
0076 0 20
0077 0 8
0078 1 20
0079 1 21
0080 0 10
0081 0 17
0082 0 19
0083 1 20
0087 0 15
0089 0 16
0090 0 22
0091 0 8
0092 0 14
0094 0 15
0097 0 9
0098 0 10
0099 0 10
0100 0 5
0101 0 7
0102 0 17
0103 0 10
0104 0 9
0105 1 16
0106 0 7
0108 0 9
0109 0 17
0110 1 21
0111 0 16
0114 1 3
0116 0 9
0119 0 8
0122 0 8
0123 0 10
0125 0 7
0126 0 21
0127 0 7
0128 0 8
0129 1 18
0130 0 18
0132 0 10
0133 0 8
0134 0 12
0135 0 10
0136 0 19
0137 0 8
0138 0 7
0139 0 9
0140 0 8
0141 0 8
0142 0 7
0143 1 16
0144 0 31
0146 1 14
0147 1 11
0148 0 7
0149 0 8
0150 0 11
0151 0 8
0152 1 16
0153 0 7
0154 1 11
0155 0 7
0156 1 22
0157 0 7
0158 0 10
0159 0 10
0160 1 11
0161 0 3
0162 0 7
0163 0 9
0164 1 10
0165 1 25
0167 0 7
0168 0 10
0169 1 9
0170 1 15
0171 1 9
0172 0 10
0174 0 9
0175 1 11
0176 0 4
0177 0 9
0178 0 6
0179 0 9
0180 0 12
0181 0 3
0183 0 3
0184 1 12
0186 0 2
0187 1 15
0189 0 7
0190 1 15
0191 1 14
0192 0 5
0193 0 11
0194 0 6
0196 0 9
0197 1 13
0198 0 8
0201 0 7
0202 0 9
0203 0 12
0205 1 16
0208 0 17
0209 1 17
0210 1 11
0211 0 8
0212 0 7
0213 0 8
0214 1 13
0215 0 9
0216 1 12
0219 0 11
0220 0 7
0221 0 8
0226 0 6
0227 0 29
0228 1 18
0229 0 17
0230 1 11
0231 1 11
0232 0 7
0233 0 9
0234 0 9
0235 1 12
0236 0 10
0237 1 13
0238 0 8
0239 0 7
0240 0 10
0241 1 17
0242 0 18
0243 0 6
0244 0 9
0245 0 11
0248 1 21
0251 1 15
0252 0 11
0253 0 11
0254 1 16
0255 0 8
0256 0 10
0257 0 10
0258 0 10
0259 0 7
0260 1 16
0261 0 10
0262 0 7
0263 1 11
0266 0 7
0267 0 12
0269 0 8
0270 1 11
0271 0 10
0272 1 16
0273 0 7
0274 0 9
0276 1 23
0278 0 6
0279 0 11
0280 1 15
0281 1 14
0282 0 7
0283 0 8
0284 0 6
0285 0 6
0286 0 11
0288 0 19
0289 0 12
0290 1 16
0291 0 6
0292 0 16
0293 0 9
0294 0 7
0295 0 9
0296 0 4
0298 0 11
0299 0 11
0301 1 9
0302 0 3
0303 0 10
0305 0 9
0306 0 11
0307 1 18
0308 0 7
0309 0 13
0310 0 11
0312 1 13
0313 0 12
0314 0 10
0316 1 18
0317 0 9
0318 0 10
0319 1 42
0320 1 12
0321 0 10
0322 1 18
0323 0 14
0324 0 9
0325 0 10
0326 0 7
0327 1 20
0328 0 15
0329 1 11
0330 0 29
0331 0 11
0332 0 10
0333 0 10
0334 0 11
0335 0 9
0336 1 18
0337 1 15
0338 0 12
0339 0 16
0340 1 21
0341 0 8
0342 0 8
0343 0 16
0344 1 13
0345 0 6
0346 0 13
0347 1 14
0348 0 11
0350 0 18
0351 0 22
0353 0 8
0354 0 14
0356 0 13
0358 1 12
0359 0 6
0360 0 10
0361 0 15
0362 0 7
0365 1 30
0366 0 8
0367 0 6
0368 0 5
0369 0 10
0370 0 10
0371 1 17
0372 1 32
0374 0 11
0375 0 19
0376 1 13
0377 0 9
0378 1 25
0379 0 15
0380 0 27
0381 1 9
0383 0 7
0384 1 13
0385 0 10
0386 0 11
0387 0 8
0388 0 9
0389 1 22
0390 0 7
0391 0 12
0392 0 8
0393 0 36
0394 0 9
0395 0 9
0398 1 17
0399 0 51
0401 1 8
0402 0 16
0403 0 7
0405 0 10
0406 0 3
0407 0 17
0408 0 9
0410 0 7
0411 0 10
0412 0 11
0413 0 9
0414 1 11
0415 0 11
0416 0 14
0417 0 18
0418 0 13
0419 0 23
0420 0 9
0421 0 10
0422 0 7
0423 1 11
0424 0 17
0425 0 7
0426 0 15
0427 1 11
0428 0 15
0430 0 8
0431 1 26
0432 0 13
0433 0 8
0434 1 13
0435 1 12
0437 0 10
0438 0 3
0439 0 11
0440 1 13
0441 0 9
0442 0 36
0443 0 9
0444 1 12
0445 1 18
0447 0 16
0448 0 16
0450 1 30
0451 0 11
0452 1 17
0453 1 15
0454 0 8
0455 0 14
0456 0 5
0458 1 11
0459 1 22
0461 0 46
0462 1 16
0463 0 14
0464 0 11
0465 1 16
0467 1 11
0470 0 7
0471 0 10
0472 1 22
0473 0 6
0474 1 17
0477 0 16
0478 0 16
0480 0 5
0482 0 8
0484 1 12
0485 0 16
0486 0 11
0487 0 6
0488 0 15
0489 1 21
0491 0 10
0492 1 14
0493 0 21
0494 0 4
0495 0 11
0496 0 11
0497 0 7
0498 1 15
0499 0 9
0501 0 8
0502 0 8
0503 0 6
0505 0 9
0506 1 12
0507 0 11
0508 0 12
0509 0 7
0510 0 11
0511 0 11
0512 0 15
0513 0 24
0516 0 15
0517 1 11
0518 0 8
0520 1 7
0521 0 10
0523 0 11
0524 1 16
0525 1 16
0527 0 14
0528 0 19
0529 0 19
0530 0 7
0531 1 11
0532 0 4
0533 0 10
0534 1 17
0535 1 12
0536 0 10
0538 1 17
0539 1 23
0540 0 7
0541 0 10
0543 0 10
0544 0 7
0545 1 20
0547 1 10
0549 0 9
0550 0 11
0552 1 33
0553 1 13
0554 0 9
0555 1 15
0557 1 11
0558 0 7
0559 0 7
0560 0 7
0561 0 8
0563 0 7
0564 1 13
0565 0 7
0566 0 2
0567 0 11
0568 0 8
0570 1 11
0571 0 10
0572 0 11
0575 0 28
0579 0 6
0580 0 9
0581 1 23
0582 0 7
0583 1 23
0584 0 14
0585 0 8
0586 1 22
0587 0 7
0588 0 4
0589 0 11
0590 0 23
0591 0 23
0592 0 10
0593 0 6
0594 1 11
0596 0 11
0597 1 34
0598 0 14
0599 0 18
0600 1 11
0601 1 11
0603 0 8
0605 0 4
0606 0 23
0608 0 7
0609 0 5
0610 0 10
0612 1 8
0613 1 15
0615 0 9
0616 0 10
0617 1 4
0618 1 13
0619 0 10
0620 0 3
0622 0 9
0623 0 7
0624 1 17
0625 1 12
0626 0 11
0627 0 7
0628 1 11
0630 0 3
0632 1 15
0633 0 16
0634 1 15
0636 0 10
0637 0 5
0638 0 4
0639 1 16
0640 1 12
0641 1 16
0642 1 15
0643 0 10
0645 0 11
0646 1 6
0647 0 11
0648 0 11
0649 0 13
0650 0 9
0651 0 11
0652 0 13
0653 0 16
0654 0 9
0655 1 13
0657 1 13
0658 1 15
0659 0 8
0660 0 9
0662 1 29
0663 0 22
0664 0 19
0665 1 23
0666 0 10
0667 0 14
0668 1 15
0669 0 10
0670 1 11
0671 0 11
0672 0 12
0674 0 10
0675 0 16
0676 0 11
0677 0 7
0678 1 10
0681 0 18
0682 1 17
0683 0 9
0686 0 10
0687 1 22
0689 0 10
0690 1 16
0691 0 11
0693 0 4
0694 1 18
0695 1 18
0696 1 11
0697 0 9
0698 0 9
0699 0 15
0700 0 17
0701 1 22
0705 1 30
0707 0 9
0708 1 25
0709 1 11
0710 0 7
0711 0 7
0712 0 13
0714 1 12
0715 1 41
0716 0 12
0717 1 13
0719 0 14
0720 0 8
0721 1 19
0723 0 3
0724 1 16
0727 0 8
0728 0 10
0731 1 7
0732 0 9
0733 0 8
0734 0 3
0735 0 7
0736 0 11
0737 1 10
0738 0 8
0740 0 9
0741 1 20
0742 0 7
0743 0 16
0745 1 22
0746 0 8
0747 0 10
0748 1 20
0749 0 9
0750 1 17
0751 0 10
0753 0 8
0754 0 10
0755 1 10
0756 0 14
0757 1 11
0758 0 11
0759 0 29
0760 0 9
0762 0 7
0764 0 9
0765 0 4
0766 0 16
0768 0 14
0769 0 8
0770 1 14
0771 1 13
0772 0 7
0773 0 8
0774 0 18
0775 0 16
0776 0 3
0778 0 11
0779 0 23
0780 0 10
0783 0 14
0785 1 18
0786 1 25
0787 0 7
0789 0 12
0790 1 22
0791 0 19
0792 0 13
0793 1 22
0794 0 11
0795 0 16
0797 0 11
0798 1 19
0799 1 16
0800 1 24
0801 0 6
0802 0 22
0803 0 7
0804 1 11
0806 0 21
0807 0 7
0808 0 7
0809 0 6
0810 0 3
0811 0 7
0812 1 20
0813 0 16
0815 1 23
0816 1 15
0817 0 9
0818 0 3
0819 0 11
0821 0 11
0822 0 7
0823 0 11
0824 0 10
0825 0 7
0826 0 7
0827 1 12
0828 1 11
0829 0 16
0830 0 20
0831 0 8
0832 0 8
0833 0 10
0834 0 11
0835 1 17
0836 0 14
0837 0 11
0838 0 14
0839 1 15
0840 0 7
0841 0 16
0842 0 13
0844 0 11
0845 0 13
0846 1 8
0848 0 16
0849 1 12
0850 0 21
0851 0 8
0852 0 10
0854 1 11
0855 0 36
0856 1 10
0857 0 21
0858 0 16
0859 0 8
0861 0 23
0862 1 16
0863 0 8
0864 1 11
0865 0 8
0866 0 12
0868 0 16
0869 0 8
0870 0 50
0871 0 10
0872 0 3
0873 1 17
0874 1 19
0875 0 9
0876 0 8
0877 0 16
0878 0 3
0880 1 25
0881 0 7
0882 0 8
0884 0 5
0885 0 3
0886 0 7
0887 0 6
0888 0 15
0889 0 16
0890 0 11
0893 0 15
0894 0 10
0895 1 14
0896 0 15
0897 0 9
0898 0 4
0899 0 9
0901 0 20
0902 0 7
0904 0 19
0905 0 8
0906 1 14
0907 0 6
0908 1 13
0909 1 16
0910 0 8
0913 1 11
0914 0 8
0915 1 9
0916 1 33
0917 0 11
0918 0 11
0919 0 13
0921 1 14
0922 1 28
0923 1 9
0926 0 11
0928 0 11
0929 1 23
0930 0 10
0931 1 23
0932 0 7
0933 1 11
0934 0 5
0935 0 8
0936 0 7
0937 0 8
0939 0 11
0942 1 12
0943 1 18
0944 0 12
0946 1 13
0947 0 7
0948 0 8
0949 0 7
0950 0 8
0951 1 18
0954 1 29
0955 0 20
0956 1 15
0957 0 19
0960 0 7
0964 0 10
0965 1 17
0966 0 11
0967 0 9
0968 0 7
0969 0 11
0970 0 10
0971 1 20
0972 1 14
0973 0 11
0974 0 10
0975 0 10
0976 1 17
0977 0 10
0979 0 11
0980 0 10
0981 1 27
0982 1 24
0983 1 14
0984 0 11
0985 0 9
0986 0 11
0987 0 9
0989 0 16
0990 0 11
0991 0 23
0992 1 17
0993 0 9
0995 0 10
0996 1 11
0997 0 9
0999 0 7
1000 0 8
1001 1 11
1002 0 3
1003 0 4
1004 0 11
1005 1 21
1006 0 11
1007 0 11
1008 0 10
1009 0 7
1010 0 9
1011 0 9
1013 0 13
1014 1 10
1015 1 14
1017 0 7
1018 1 11
1019 0 7
1020 0 8
1022 0 8
1023 1 13
1024 0 8
1025 1 18
1026 0 4
1027 0 8
1029 0 11
1030 1 13
1031 0 24
1032 0 25
1033 1 23
1034 0 7
1035 0 9
1036 1 13
1037 0 11
1038 0 9
1039 0 11
1041 1 13
1042 0 9
1043 0 8
1044 0 8
1046 0 6
1047 1 11
1048 0 11
1049 1 21
1050 1 17
1051 0 15
1053 0 10
1054 0 22
1055 0 11
1056 0 8
1057 0 3
1058 0 18
1059 0 13
1060 0 14
1061 1 28
1062 0 6
1064 0 2
1065 0 8
1066 0 9
1067 0 11
1068 0 11
1070 0 15
1071 0 9
1072 0 15
1074 0 9
1076 0 11
1077 0 10
1079 0 10
1080 0 8
1081 0 16
1082 1 14
1083 0 11
1084 0 17
1085 0 7
1086 0 13
1088 1 13
1089 0 17
1090 0 15
1092 0 11
1093 0 7
1094 0 9
1095 0 14
1096 0 11
1098 1 18
1099 0 9
1100 1 11
1102 0 8
1103 1 12
1104 1 13
1105 0 7
1106 1 10
1107 0 10
1109 1 18
1111 1 11
1114 0 12
1115 1 9
1116 0 11
1117 1 16
1118 0 6
1119 0 8
1120 1 12
1121 0 13
1122 1 10
1123 0 9
1124 1 13
1125 0 10
1127 0 11
1128 1 12
1129 0 16
1130 0 8
1133 0 10
1134 1 17
1136 0 16
1137 1 21
1138 0 7
1139 0 26
1140 0 4
1141 0 7
1143 0 7
1144 0 2
1145 0 8
1146 0 6
1147 0 4
1148 0 9
1150 0 9
1151 1 12
1152 0 10
1153 1 14
1154 0 16
1155 0 8
1156 0 11
1157 0 16
1158 0 9
1159 0 21
1160 0 7
1161 0 8
1163 0 10
1164 0 22
1165 1 9
1168 0 11
1169 1 21
1171 0 11
1173 1 13
1174 0 7
1175 1 15
1176 1 13
1177 0 7
1178 1 22
1179 0 8
1180 0 9
1181 0 7
1182 0 11
1183 0 7
1184 1 16
1185 0 11
1186 1 13
1190 0 9
1191 0 15
1192 0 12
1193 0 11
1195 0 7
1196 0 16
1197 0 14
1198 0 6
1199 1 13
1201 0 10
1202 0 11
1205 0 11
1206 0 10
1207 1 12
1208 0 15
1209 0 8
1212 0 6
1213 1 22
1214 1 11
1216 0 9
1219 1 15
1220 1 13
1222 0 10
1224 0 8
1225 0 8
1226 0 11
1227 0 9
1228 1 13
1231 0 11
1232 0 9
1233 0 8
1234 0 16
1235 0 13
1237 0 9
1238 0 16
1239 0 6
1242 0 3
1245 0 7
1246 1 31
1247 1 14
1248 1 11
1250 0 18
1251 0 13
1252 0 8
1253 0 7
1254 0 9
1255 0 10
1256 0 31
1257 0 9
1258 0 9
1262 1 20
1265 0 11
1266 0 9
1267 0 9
1268 0 8
1269 0 3
1270 1 21
1271 0 8
1272 0 10
1276 0 9
1277 0 16
1278 0 12
1279 0 10
1280 0 10
1281 0 12
1282 0 35
1283 0 7
1288 1 14
1289 0 7
1291 0 9
1292 1 38
1293 1 14
1294 1 11
1296 0 9
1297 1 16
1298 0 15
1299 1 14
1300 0 6
1301 0 10
1303 0 8
1304 0 11
1305 0 16
1306 0 7
1307 0 11
1308 0 9
1309 0 12
1310 0 6
1311 0 10
1312 0 11
1313 1 16
1314 1 14
1315 0 16
1316 0 9
1317 0 7
1318 0 9
1319 0 6
1320 0 9
1321 0 6
1322 0 11
1325 0 16
1326 0 7
1327 0 10
1328 0 28
1329 1 13
1330 0 11
1331 0 13
1332 0 4
1333 1 14
1334 0 12
1335 0 3
1336 1 7
1337 0 16
1338 0 7
1339 0 14
1340 1 8
1341 0 19
1343 0 9
1344 0 15
1347 0 7
1348 0 26
1350 0 11
1351 1 18
1352 1 11
1353 0 16
1354 0 8
1355 1 21
1356 0 9
1358 0 8
1359 0 11
1360 0 8
1361 0 5
1363 0 50
1364 0 12
1365 1 10
1366 1 7
1367 1 38
1368 0 7
1369 1 15
1370 0 10
1371 0 7
1372 0 11
1373 0 10
1374 1 19
1375 0 9
1377 0 24
1378 0 4
1379 1 19
1380 1 10
1381 0 13
1382 0 13
1383 0 10
1384 0 11
1385 1 13
1386 1 22
1388 0 13
1389 0 7
1390 0 4
1391 1 12
1392 0 10
1393 0 10
1394 0 4
1396 0 9
1397 0 7
1398 0 9
1400 0 10
1401 1 23
1402 0 7
1403 1 23
1404 0 7
1406 1 16
1407 0 21
1408 0 18
1409 0 10
1412 1 19
1413 0 9
1414 0 9
1415 0 10
1416 1 20
1417 1 13
1418 0 8
1419 0 33
1420 0 9
1421 0 11
1422 0 4
1423 1 17
1424 1 16
1425 0 12
1426 0 8
1427 0 8
1428 0 7
1429 0 11
1430 1 13
1431 0 7
1432 0 3
1433 0 9
1434 0 13
1435 0 11
1438 1 23
1440 0 11
1441 0 7
1442 0 7
1443 0 11
1444 0 34
1445 0 20
1446 0 15
1448 0 10
1449 0 7
1451 1 11
1452 0 11
1453 0 9
1454 1 8
1455 0 7
1456 0 11
1457 0 13
1458 0 3
1459 1 21
1460 0 11
1461 0 8
1465 0 11
1466 0 11
1467 0 7
1468 0 7
1469 0 22
1470 0 8
1471 0 11
1474 1 12
1475 1 17
1476 0 13
1477 0 21
1478 0 10
1479 0 9
1480 0 11
1483 1 10
1484 1 13
1485 0 10
1486 1 19
1487 0 11
1488 0 4
1489 1 19
1491 0 8
1492 1 11
1493 0 25
1494 0 10
1495 0 10
1496 1 23
1497 1 16
1498 0 12
1499 0 8
1500 1 9
1501 0 9
1502 0 7
1503 0 6
1504 0 10
1505 1 20
1506 0 13
1507 0 13
1508 0 7
1510 0 7
1512 0 24
1513 0 7
1514 0 7
1515 0 8
1517 1 14
1518 0 17
1519 0 9
1521 0 10
1522 0 3
1524 0 11
1525 1 47
1526 0 8
1527 0 7
1528 0 11
1529 0 16
1530 0 11
1531 0 16
1532 0 11
1533 0 11
1534 1 24
1535 0 3
1536 1 19
1537 0 25
1538 0 3
1539 1 11
1540 0 7
1541 0 8
1542 0 16
1543 0 11
1544 0 3
1545 0 9
1546 1 25
1547 1 11
1548 0 8
1549 0 16
1550 0 12
1551 1 15
1553 0 2
1555 0 3
1556 0 11
1557 0 16
1558 1 17
1559 0 4
1560 0 12
1561 0 9
1562 0 9
1563 1 12
1564 0 11
1565 1 16
1566 0 11
1567 0 7
1568 1 30
1569 0 9
1571 0 4
1573 0 11
1574 0 16
1575 0 12
1576 0 11
1577 0 8
1578 0 18
1579 0 14
1580 0 54
1583 1 16
1584 0 31
1585 1 16
1587 1 12
1589 0 9
1591 0 10
1593 0 6
1594 0 10
1595 0 16
1596 1 22
1597 0 16
1598 0 10
1599 0 11
1600 0 7
1601 0 7
1602 0 18
1603 0 10
1604 0 7
1605 0 18
1606 1 20
1607 0 11
1608 0 17
1610 0 11
1611 0 7
1613 0 9
1615 0 10
1616 0 9
1617 1 12
1619 0 8
1620 1 12
1621 0 7
1622 0 19
1623 0 20
1625 0 8
1626 0 13
1627 0 16
1628 0 8
1630 0 11
1632 0 8
1633 0 8
1634 1 33
1635 0 8
1636 0 10
1637 0 16
1638 0 3
1640 0 19
1642 0 16
1643 0 24
1644 1 10
1645 0 17
1646 1 11
1647 0 11
1649 0 7
1650 0 29
1652 0 7
1654 0 12
1656 0 8
1658 0 17
1659 0 9
1660 0 7
1662 1 11
1663 0 8
1664 0 10
1665 0 9
1666 0 11
1667 1 12
1668 0 9
1669 1 14
1670 0 8
1671 0 10
1672 0 16
1673 1 24
1674 0 8
1675 0 10
1676 0 8
1677 0 7
1678 1 12
1679 0 8
1680 0 10
1681 0 11
1682 1 11
1683 0 4
1685 0 10
1686 0 13
1687 0 9
1688 1 11
1689 1 11
1690 0 8
1691 1 16
1694 0 8
1695 1 16
1696 1 11
1698 0 9
1699 1 16
1700 1 20
1701 0 8
1702 1 16
1704 0 11
1705 0 8
1706 1 11
1707 0 9
1708 0 17
1709 0 10
1710 0 8
1711 1 31
1712 0 8
1714 1 17
1715 0 5
1716 1 11
1717 0 16
1718 0 16
1720 1 29
1721 0 16
1722 0 8
1724 0 9
1725 1 9
1726 0 8
1727 1 12
1728 0 11
1729 0 11
1731 0 8
1732 1 22
1734 0 10
1735 0 11
1736 0 33
1737 0 16
1738 1 36
1739 0 10
1741 0 9
1742 0 9
1743 0 13
1745 1 29
1747 0 9
1748 0 7
1749 0 11
1750 1 17
1752 0 10
1753 0 12
1754 1 25
1756 1 25
1757 0 10
1759 0 8
1760 0 15
1761 0 10
1762 0 9
1763 0 7
1766 0 9
1767 0 9
1768 0 11
1769 1 14
1770 0 7
1771 0 10
1772 1 22
1773 0 7
1774 0 6
1775 0 9
1776 1 11
1777 0 8
1778 1 11
1779 1 16
1780 0 9
1781 1 16
1782 0 9
1783 1 15
1785 1 14
1786 0 4
1787 0 9
1789 0 11
1790 0 7
1791 0 17
1792 1 20
1793 0 24
1794 0 16
1795 1 8
1796 1 18
1797 0 6
1799 1 28
1800 1 15
1801 0 3
1802 1 14
1803 0 6
1804 0 10
1805 1 16
1806 0 7
1807 0 9
1808 0 11
1809 0 9
1810 0 20
1812 0 26
1813 0 9
1814 0 4
1815 0 14
1817 0 7
1819 1 14
1820 0 7
1821 0 14
1822 0 11
1824 0 10
1825 0 10
1826 0 15
1828 1 6
1829 1 13
1830 0 8
1831 0 9
1832 0 15
1833 1 17
1834 1 12
1836 0 6
1837 1 11
1838 0 16
1839 1 11
1841 1 17
1842 0 11
1843 1 10
1844 0 10
1845 0 16
1846 0 9
1847 0 9
1848 0 5
1849 0 11
1850 0 10
1851 0 10
1852 0 17
1853 0 23
1854 0 16
1855 0 4
1857 0 8
1858 1 11
1859 0 10
1860 0 7
1861 0 11
1864 0 10
1865 0 29
1866 0 22
1868 1 22
1870 0 11
1872 1 18
1873 0 11
1874 0 9
1875 1 20
1876 1 18
1877 1 13
1878 0 10
1880 0 11
1881 0 13
1882 1 19
1883 1 16
1884 0 7
1886 1 11
1887 1 13
1888 0 11
1889 0 10
1890 1 22
1891 0 8
1892 1 16
1893 1 16
1895 0 7
1896 1 10
1897 0 11
1898 1 8
1899 1 39
1900 0 8
1901 0 7
1902 0 10
1903 0 11
1904 0 15
1905 0 6
1906 0 6
1907 0 8
1908 0 37
1910 1 28
1911 0 6
1912 0 9
1913 0 10
1914 1 17
1915 0 16
1917 1 13
1918 0 22
1919 0 9
1920 0 20
1921 0 8
1922 0 9
1923 0 7
1925 0 3
1926 1 8
1928 0 25
1929 1 17
1930 0 9
1931 0 10
1932 1 14
1933 0 9
1936 0 17
1937 0 8
1938 0 12
1940 1 25
1941 1 23
1942 0 10
1943 0 19
1944 1 12
1945 0 9
1947 1 4
1949 0 3
1950 0 16
1952 0 9
1953 0 13
1954 0 2
1955 0 16
1957 1 14
1958 0 8
1959 1 19
1961 0 10
1962 1 17
1963 1 25
1964 0 9
1965 0 15
1966 1 9
1967 1 15
1968 0 11
1969 0 11
1971 1 11
1972 0 9
1973 0 8
1974 0 12
1975 0 7
1976 0 34
1977 0 15
1978 1 11
1979 1 20
1980 1 20
1982 0 3
1984 1 11
1986 1 15
1987 0 8
1988 0 8
1989 0 3
1990 0 10
1991 0 15
1992 0 9
1994 0 11
1996 0 11
1997 0 11
1998 0 22
1999 0 17
2000 0 10
2001 0 10
2002 0 9
2003 0 28
2004 0 17
2005 0 8
2006 0 9
2008 1 13
2010 0 9
2011 0 10
2012 0 16
2013 0 8
2014 0 26
2015 0 18
2017 0 7
2018 0 10
2019 0 7
2020 0 11
2021 0 11
2022 1 15
2023 0 11
2024 0 10
2025 0 7
2026 0 9
2027 0 14
2030 0 10
2031 0 3
2032 0 15
2033 0 10
2034 0 4
2035 1 15
2036 0 11
2037 0 11
2038 0 6
2039 0 15
2040 1 23
2041 0 16
2043 0 11
2044 0 7
2045 0 9
2046 0 15
2047 0 9
2049 0 9
2050 0 7
2051 0 4
2052 1 13
2053 0 10
2054 1 11
2056 0 9
2057 0 12
2058 1 21
2059 0 16
2062 1 16
2063 0 8
2064 0 7
2066 0 10
2067 1 12
2069 0 10
2070 0 8
2071 0 8
2072 0 9
2073 1 15
2074 1 20
2075 0 10
2076 1 46
2077 0 8
2078 1 13
2079 0 11
2080 0 12
2081 1 23
2084 0 9
2085 0 7
2086 0 7
2087 0 18
2088 0 7
2089 1 11
2090 0 8
2091 0 11
2092 0 8
2093 0 10
2094 1 17
2095 0 11
2096 1 11
2097 0 7
2098 1 15
2100 0 7
2101 0 11
2104 0 8
2105 0 8
2106 0 11
2107 1 14
2108 1 16
2109 1 12
2110 1 27
2111 0 10
2112 0 10
2113 0 9
2115 0 12
2116 0 22
2117 0 8
2118 1 13
2119 1 16
2121 0 19
2124 0 7
2125 0 9
2129 1 17
2130 0 8
2132 1 22
2133 1 18
2134 0 8
2135 0 11
2137 0 13
2138 0 11
2139 0 11
2140 0 11
2142 0 15
2145 0 21
2147 0 9
2148 0 21
2149 0 11
2151 0 10
2153 0 15
2154 0 24
2158 1 15
2159 0 9
2160 1 16
2161 1 22
2162 0 7
2164 0 9
2165 1 18
2166 0 3
2167 1 17
2168 0 4
2169 0 7
2170 1 8
2172 0 10
2174 0 7
2175 1 12
2176 1 29
2177 0 9
2178 1 11
2179 1 15
2180 0 2
2181 1 12
2182 0 10
2184 0 7
2185 0 11
2186 0 15
2187 0 3
2188 0 8
2189 0 14
2190 0 7
2191 1 12
2193 0 9
2194 0 8
2195 1 15
2196 0 16
2197 0 10
2198 0 7
2199 0 7
2201 1 14
2202 0 6
2204 0 8
2205 1 11
2206 1 8
2207 1 7
2208 0 10
2209 0 7
2210 1 15
2211 0 7
2212 0 11
2213 1 17
2216 0 10
2217 0 9
2219 0 9
2220 1 17
2221 0 12
2222 1 17
2223 0 11
2224 0 8
2225 1 22
2226 1 12
2227 0 10
2228 1 11
2229 1 25
2230 1 12
2232 1 17
2233 0 7
2235 0 13
2236 0 10
2237 1 18
2239 0 7
2240 0 11
2241 0 6
2242 0 10
2245 0 9
2246 0 9
2247 1 6
2248 0 11
2249 0 10
2250 0 11
2251 0 9
2252 0 8
2253 1 41
2254 1 11
2255 0 9
2256 1 19
2257 0 9
2258 0 15
2259 0 26
2260 0 7
2261 0 8
2262 0 9
2263 1 28
2264 0 17
2265 1 44
2267 1 10
2269 0 6
2270 0 7
2271 0 8
2272 0 8
2273 1 15
2274 0 9
2275 0 9
2276 0 8
2277 0 11
2278 0 17
2279 1 22
2281 0 10
2282 0 39
2283 0 7
2286 0 16
2290 0 8
2291 1 12
2292 0 21
2293 0 8
2294 0 8
2296 1 14
2298 0 10
2299 0 18
2300 1 11
2301 0 16
2302 0 11
2303 1 12
2304 0 7
2305 0 8
2306 1 24
2307 0 8
2309 1 12
2311 0 13
2312 0 10
2313 1 11
2314 1 36
2316 0 8
2318 0 8
2320 0 4
2321 1 26
2322 0 9
2323 0 10
2325 0 20
2326 0 29
2327 0 6
2328 1 10
2330 0 9
2332 0 16
2334 1 20
2335 1 43
2336 1 16
2337 0 20
2338 0 12
2339 0 7
2340 0 8
2343 0 8
2344 0 11
2345 0 11
2346 1 16
2347 1 16
2350 0 8
2351 0 7
2353 0 3
2354 0 8
2355 1 29
2356 1 15
2357 1 13
2358 1 15
2359 0 6
2360 0 10
2361 0 10
2362 0 9
2363 1 19
2364 0 11
2365 0 9
2368 1 16
2369 0 6
2370 1 11
2371 0 16
2372 0 15
2373 0 8
2375 0 10
2376 0 8
2377 0 9
2378 0 2
2379 0 15
2380 0 9
2381 1 11
2382 1 14
2383 0 11
2384 1 16
2385 0 32
2387 0 15
2388 1 14
2389 1 17
2391 0 11
2392 0 10
2393 0 8
2394 0 6
2396 1 34
2397 0 8
2398 0 9
2399 0 7
2400 1 7
2401 0 7
2402 0 10
2403 0 9
2404 0 8
2405 1 12
2407 0 9
2408 0 10
2409 0 6
2410 0 5
2411 1 12
2412 0 11
2413 1 24
2414 0 8
2416 0 10
2417 1 21
2418 0 16
2420 0 12
2422 0 10
2423 1 8
2424 0 24
2425 1 42
2426 1 11
2427 0 13
2428 0 9
2429 0 21
2430 0 10
2431 0 16
2432 0 16
2433 0 6
2434 0 12
2435 0 9
2436 1 7
2437 0 15
2438 0 11
2439 0 10
2440 1 10
2441 0 8
2443 0 10
2444 0 8
2446 0 3
2447 0 9
2448 0 11
2450 0 8
2451 0 3
2452 1 6
2453 0 4
2455 1 24
2456 0 14
2458 0 9
2459 1 13
2460 0 9
2462 0 10
2463 0 15
2464 0 16
2465 1 10
2466 0 23
2467 0 7
2468 0 11
2470 0 16
2471 0 11
2472 0 14
2473 0 8
2475 0 7
2476 1 16
2477 0 9
2480 1 13
2483 1 15
2484 0 8
2485 0 6
2486 0 18
2489 0 9
2490 0 10
2491 0 34
2492 1 13
2493 0 9
2494 1 11
2495 1 18
2496 0 7
2497 1 15
2498 0 49
2500 0 11
2501 0 11
2502 0 8
2503 1 11
2504 0 3
2505 1 13
2506 1 13
2507 0 11
2508 0 8
2509 1 6
2510 1 17
2511 0 7
2512 1 11
2513 1 15
2514 0 18
2515 0 11
2517 1 16
2519 0 6
2520 1 17
2521 1 12
2523 1 11
2524 0 6
2525 1 14
2527 1 12
2530 0 11
2531 1 13
2532 1 9
2533 0 18
2535 0 17
2536 0 9
2537 0 4
2539 0 11
2540 1 11
2541 0 16
2542 0 13
2543 0 10
2545 1 11
2546 0 14
2547 0 8
2548 0 9
2549 0 10
2551 0 8
2553 1 17
2554 0 9
2555 1 7
2556 0 7
2557 0 23
2558 0 7
2559 0 10
2560 0 8
2561 0 18
2562 1 12
2564 0 3
2565 0 8
2567 0 16
2568 0 17
2569 1 8
2570 0 11
2571 0 8
2572 0 12
2573 0 10
2574 0 10
2576 1 16
2579 0 12
2580 0 7
2582 0 7
2583 0 7
2584 1 11
2585 0 16
2586 1 21
2587 0 10
2589 0 31
2590 1 14
2591 0 28
2593 0 6
2595 0 17
2596 0 7
2598 1 26
2599 1 11
2600 0 18
2601 0 8
2602 0 7
2603 0 8
2604 1 20
2605 1 36
2606 1 10
2607 0 17
2608 1 5
2609 0 16
2611 1 23
2612 1 12
2613 1 16
2616 1 12
2617 0 12
2618 0 16
2619 1 13
2620 0 14
2621 0 16
2623 1 17
2624 0 10
2625 0 9
2626 1 20
2627 1 23
2628 0 9
2629 0 10
2631 0 19
2632 0 23
2633 0 24
2635 0 10
2637 0 8
2638 1 22
2641 0 12
2643 0 11
2646 0 7
2650 0 11
2651 0 9
2652 1 10
2653 0 7
2656 1 8
2657 0 8
2658 1 18
2659 1 16
2660 0 17
2661 0 10
2662 0 11
2663 0 10
2664 1 11
2667 1 12
2668 0 3
2669 1 10
2670 0 7
2671 1 19
2673 0 22
2675 0 15
2676 1 20
2677 0 15
2679 0 16
2680 1 12
2681 0 8
2682 1 13
2684 1 31
2687 0 5
2688 0 9
2690 0 16
2691 0 7
2692 1 18
2693 0 22
2694 0 8
2695 1 19
2696 0 22
2697 1 12
2698 0 16
2699 0 6
2701 0 11
2702 1 13
2704 0 7
2705 0 8
2706 0 6
2707 0 9
2708 0 9
2711 0 13
2712 1 11
2713 1 12
2714 0 8
2715 0 10
2716 0 10
2717 1 16
2719 0 6
2721 0 3
2722 0 9
2725 1 14
2726 0 8
2727 0 7
2728 0 10
2730 1 12
2731 0 3
2733 1 10
2735 0 6
2737 0 22
2738 0 8
2739 0 7
2740 0 10
2743 1 17
2744 1 3
2745 0 26
2746 1 11
2748 0 11
2750 0 11
2752 1 15
2753 0 10
2754 0 10
2755 0 9
2756 0 10
2757 1 14
2758 0 8
2759 0 9
2760 0 14
2761 1 19
2762 0 9
2763 0 12
2764 1 12
2765 1 16
2767 1 18
2768 0 9
2770 0 9
2771 1 11
2772 1 16
2773 1 11
2775 0 10
2776 1 17
2777 0 7
2778 0 10
2779 0 11
2780 1 32
2781 1 11
2782 1 7
2783 0 16
2784 1 17
2786 0 30
2787 1 24
2788 0 13
2789 0 6
2790 1 13
2791 0 3
2793 0 9
2794 0 10
2795 0 7
2797 0 7
2798 0 8
2799 0 9
2800 1 16
2801 1 11
2802 0 10
2804 0 17
2805 0 17
2806 0 29
2807 0 15
2808 0 3
2809 0 9
2810 1 19
2812 0 8
2813 0 8
2814 0 8
2815 1 25
2816 0 6
2817 0 8
2818 0 10
2819 0 9
2820 1 26
2822 0 20
2823 0 7
2824 1 12
2826 0 10
2827 1 17
2828 0 11
2830 0 9
2831 0 6
2832 0 11
2833 1 14
2836 0 17
2837 0 10
2838 0 5
2839 0 12
2840 0 12
2841 0 14
2842 1 24
2843 1 12
2846 1 13
2847 1 7
2848 0 15
2849 0 8
2850 0 10
2851 0 4
2854 1 15
2855 1 23
2856 0 10
2857 0 10
2858 0 16
2860 0 12
2861 0 10
2862 0 10
2863 0 6
2864 1 23
2866 0 7
2868 0 13
2870 0 8
2871 0 6
2872 0 9
2873 0 9
2874 0 4
2875 0 9
2876 0 12
2879 0 5
2880 1 15
2881 0 38
2882 0 10
2883 0 11
2887 1 40
2888 1 3
2891 1 11
2892 0 9
2894 0 8
2895 1 20
2896 0 10
2898 1 15
2899 0 6
2900 0 10
2901 0 9
2902 0 14
2903 0 9
2904 1 15
2905 0 10
2907 0 15
2908 0 7
2909 0 8
2910 0 15
2911 0 6
2912 0 13
2913 0 20
2914 1 21
2915 0 21
2916 1 11
2917 1 11
2918 0 15
2919 1 11
2921 0 44
2922 0 8
2924 0 6
2925 0 13
2926 0 9
2927 0 16
2929 0 8
2930 1 14
2931 0 17
2933 0 11
2934 0 7
2935 0 24
2936 0 10
2937 0 9
2939 1 16
2940 0 23
2941 1 16
2944 0 16
2946 0 29
2947 1 14
2948 0 8
2949 0 10
2950 0 11
2951 0 12
2952 1 16
2953 1 13
2954 0 11
2956 1 23
2958 0 7
2959 0 10
2961 0 6
2962 0 7
2964 1 24
2966 0 14
2970 1 42
2971 0 9
2974 0 11
2975 1 11
2977 0 18
2979 0 8
2980 0 17
2981 0 6
2982 1 7
2983 0 9
2984 0 9
2985 0 11
2986 0 7
2988 0 9
2989 1 13
2990 1 16
2991 0 12
2992 0 9
2993 1 21
2994 1 11
2995 1 17
2996 0 3
2997 0 10
2998 0 4
2999 0 11
3000 0 15
3001 1 29
3004 0 6
3005 0 16
3006 0 11
3007 0 9
3008 0 4
3009 0 6
3010 1 11
3012 0 8
3013 0 4
3014 0 4
3015 0 15
3016 0 9
3017 0 13
3019 0 7
3023 1 10
3025 0 7
3026 0 16
3028 0 9
3029 0 19
3030 0 23
3031 0 14
3032 1 12
3034 0 8
3035 0 9
3036 0 7
3038 1 28
3039 0 8
3040 1 14
3041 0 9
3042 0 14
3043 0 8
3045 0 8
3046 0 11
3047 0 11
3048 1 16
3049 0 9
3050 0 8
3051 0 13
3053 0 9
3054 0 7
3056 0 7
3057 0 17
3059 1 17
3062 0 8
3063 1 11
3064 0 16
3065 0 7
3066 0 2
3067 0 17
3068 0 11
3070 0 5
3071 0 17
3072 0 9
3073 0 10
3074 0 8
3076 0 6
3077 0 16
3078 0 7
3079 0 14
3080 0 7
3081 0 5
3082 0 12
3083 0 10
3084 1 16
3086 0 9
3088 0 9
3089 0 10
3090 1 21
3091 0 7
3093 0 18
3094 0 7
3095 0 8
3096 0 9
3097 0 11
3098 0 5
3099 0 15
3100 1 16
3101 0 12
3103 1 8
3104 0 11
3105 0 8
3106 0 10
3108 1 16
3109 1 20
3110 0 9
3111 0 7
3113 0 8
3114 0 28
3115 0 73
3116 0 7
3117 0 7
3118 0 9
3119 0 14
3120 0 11
3121 0 8
3122 0 11
3123 0 11
3124 0 10
3125 0 11
3126 0 10
3128 0 8
3130 0 16
3131 0 3
3132 0 10
3133 0 10
3134 0 9
3135 0 41
3136 0 8
3138 1 14
3139 1 9
3140 0 19
3141 0 9
3142 0 9
3143 1 11
3144 0 9
3145 1 14
3146 0 14
3148 1 14
3150 0 23
3151 1 14
3152 1 16
3153 0 4
3154 0 6
3161 0 10
3162 0 42
3163 1 7
3164 0 11
3165 0 10
3166 0 14
3169 0 7
3170 0 9
3171 0 3
3172 0 10
3173 0 10
3174 0 7
3175 0 9
3176 0 9
3177 0 17
3178 0 9
3179 0 7
3180 0 8
3181 0 19
3182 1 26
3184 0 8
3185 0 18
3186 1 9
3188 0 9
3189 0 50
3190 1 23
3191 0 9
3192 0 10
3195 1 15
3196 0 10
3197 0 9
3199 0 9
3200 0 7
3201 0 4
3203 0 16
3204 1 7
3207 0 16
3208 0 3
3209 0 7
3210 0 5
3211 1 11
3212 0 11
3214 0 2
3215 0 9
3216 0 8
3217 1 12
3218 0 11
3219 0 10
3220 0 12
3221 1 11
3222 0 7
3223 0 7
3224 0 7
3226 0 7
3229 1 13
3230 0 17
3231 0 9
3233 0 4
3234 0 8
3235 1 11
3238 0 9
3239 1 34
3240 0 15
3241 0 7
3242 0 8
3243 0 23
3244 0 8
3245 0 8
3246 0 3
3247 0 11
3248 0 12
3250 0 15
3251 0 7
3252 0 7
3253 1 14
3254 0 16
3255 1 37
3257 0 4
3258 0 10
3259 1 16
3260 1 12
3261 0 9
3262 0 9
3263 0 11
3265 1 13
3266 0 11
3268 1 16
3270 0 5
3271 0 13
3272 1 16
3273 0 7
3274 0 8
3275 0 24
3277 0 7
3279 0 15
3280 0 9
3281 0 14
3282 0 7
3283 0 7
3284 0 10
3285 0 6
3286 0 16
3287 0 11
3288 1 17
3290 1 11
3291 0 10
3292 0 10
3293 0 11
3294 0 11
3295 1 12
3296 0 11
3300 0 10
3302 0 17
3303 0 8
3304 0 7
3305 0 9
3307 0 8
3311 1 15
3312 0 9
3314 0 14
3316 0 8
3317 0 20
3318 0 12
3319 1 13
3320 0 5
3321 1 17
3323 0 7
3325 0 11
3326 0 7
3328 0 34
3329 1 11
3330 0 11
3331 0 11
3336 1 8
3337 1 17
3338 0 3
3339 0 7
3341 0 16
3342 1 9
3343 0 11
3344 0 4
3345 0 13
3346 0 9
3347 0 18
3348 0 11
3350 0 8
3351 0 3
3352 0 8
3354 0 7
3355 1 34
3356 1 17
3357 1 14
3358 0 8
3359 1 11
3360 1 14
3361 0 9
3362 0 11
3364 0 11
3365 0 4
3366 0 8
3367 0 18
3369 0 16
3370 0 18
3371 0 20
3374 1 14
3375 0 8
3376 0 9
3377 0 19
3379 0 9
3381 0 6
3382 0 7
3384 0 7
3385 0 3
3386 0 27
3388 1 11
3389 0 11
3390 1 14
3391 0 9
3392 1 11
3396 0 7
3397 0 6
3398 0 8
3399 1 10
3400 0 13
3402 0 10
3403 0 7
3405 1 13
3407 0 7
3408 0 11
3410 0 8
3411 1 18
3412 0 10
3413 0 3
3414 0 10
3415 1 12
3416 0 10
3417 0 16
3418 0 7
3420 0 8
3421 0 18
3422 1 34
3423 0 7
3424 0 7
3425 0 14
3426 0 9
3427 0 9
3428 0 8
3429 0 4
3430 0 20
3431 0 8
3432 0 15
3433 0 7
3434 1 23
3435 0 16
3437 0 19
3438 0 12
3440 1 19
3441 0 7
3442 0 8
3443 0 5
3445 0 7
3446 0 8
3447 1 20
3449 1 28
3450 0 13
3451 1 14
3453 1 9
3454 0 8
3456 0 10
3457 0 11
3458 0 11
3459 0 16
3460 0 7
3461 0 10
3462 0 14
3463 0 11
3464 0 2
3465 0 10
3466 0 12
3467 1 12
3468 0 8
3469 0 7
3470 0 10
3471 0 7
3472 0 8
3473 0 9
3474 0 9
3475 0 4
3476 1 19
3478 0 11
3479 0 7
3480 0 9
3481 1 12
3482 1 13
3483 0 11
3484 0 16
3485 0 7
3486 1 17
3487 1 29
3490 0 10
3491 1 10
3492 0 3
3495 0 11
3496 1 8
3497 0 16
3498 1 13
3499 0 8
3500 0 8
3502 0 19
3503 0 9
3504 0 8
3506 0 10
3507 1 14
3508 1 17
3512 1 14
3513 0 7
3516 0 10
3517 0 3
3518 0 9
3520 0 10
3521 0 10
3522 0 24
3523 1 12
3525 0 19
3526 1 13
3528 0 7
3529 0 9
3530 0 9
3532 0 13
3534 0 16
3535 0 10
3536 0 16
3537 0 12
3538 0 9
3539 0 7
3540 1 14
3542 1 11
3543 1 19
3544 1 18
3545 0 9
3546 1 12
3547 0 7
3549 0 10
3550 0 9
3551 0 14
3552 1 13
3553 0 8
3554 1 15
3555 0 11
3556 1 11
3557 1 15
3558 0 40
3559 1 22
3560 0 22
3561 0 10
3562 1 12
3563 0 9
3565 0 21
3566 0 7
3568 0 8
3569 1 13
3572 0 6
3573 0 9
3574 0 8
3575 1 13
3576 0 6
3579 0 9
3580 0 7
3581 0 8
3582 0 5
3584 1 23
3585 0 7
3586 0 6
3587 1 12
3588 1 14
3589 0 9
3590 0 10
3591 0 9
3592 0 8
3593 1 14
3596 0 48
3598 0 7
3599 0 16
3600 1 11
3601 0 8
3602 0 7
3603 0 10
3604 1 7
3605 0 10
3606 0 8
3607 1 23
3608 1 9
3609 0 9
3610 1 18
3611 1 24
3612 0 8
3613 0 10
3614 0 11
3615 1 43
3617 1 14
3618 1 11
3620 1 23
3621 0 12
3622 0 15
3623 0 8
3624 0 11
3625 0 16
3626 0 8
3627 0 8
3629 0 7
3630 0 26
3631 0 15
3632 0 4
3633 1 14
3634 0 11
3635 0 12
3636 0 6
3638 0 10
3641 0 9
3643 0 16
3644 0 14
3645 0 8
3646 0 11
3648 1 12
3650 1 12
3651 1 19
3652 0 12
3655 1 4
3656 0 11
3657 0 9
3659 0 10
3660 0 11
3661 0 11
3662 0 9
3663 0 8
3665 0 8
3668 0 7
3669 1 11
3670 0 10
3671 0 11
3672 0 9
3674 0 11
3675 1 15
3676 0 10
3677 0 9
3678 0 17
3681 0 8
3682 0 8
3683 0 8
3684 0 9
3687 0 10
3689 1 11
3691 0 5
3692 0 9
3694 0 8
3695 0 9
3696 0 18
3697 1 15
3698 0 7
3699 1 16
3701 0 11
3702 0 4
3703 1 27
3704 1 13
3705 0 4
3706 0 10
3707 1 12
3708 0 7
3709 0 11
3710 1 16
3712 0 20
3713 1 17
3714 0 12
3715 0 9
3716 1 12
3717 0 10
3718 0 17
3719 0 10
3720 0 8
3721 1 37
3722 0 11
3724 1 23
3725 0 9
3727 0 16
3728 0 8
3729 0 10
3732 1 19
3733 0 19
3734 1 16
3735 0 24
3736 0 10
3737 0 6
3738 0 9
3739 1 11
3740 0 13
3741 1 11
3743 0 11
3744 1 19
3745 1 21
3746 0 10
3747 1 14
3748 0 9
3749 0 10
3750 0 15
3751 0 9
3752 0 14
3753 1 15
3754 0 6
3755 1 39
3757 0 11
3759 0 11
3760 1 15
3762 0 10
3764 0 26
3765 1 17
3766 1 13
3767 1 15
3768 0 9
3769 0 11
3770 0 9
3771 1 18
3772 0 7
3773 0 9
3774 0 7
3775 0 8
3776 0 10
3777 0 28
3778 1 11
3782 0 8
3783 0 10
3786 0 10
3787 0 9
3788 1 17
3789 0 11
3790 0 9
3791 0 11
3792 0 5
3793 1 14
3794 1 11
3795 0 16
3796 0 23
3797 1 11
3798 0 11
3800 0 8
3801 0 26
3804 0 20
3805 1 11
3806 0 9
3808 0 9
3810 0 4
3812 0 3
3814 0 16
3816 0 3
3817 0 10
3818 0 11
3819 1 26
3821 1 11
3822 0 10
3823 0 7
3824 1 27
3825 0 10
3826 1 12
3827 0 7
3828 1 20
3829 0 15
3830 0 7
3831 1 10
3832 0 11
3833 0 16
3834 0 6
3835 0 11
3836 0 22
3837 1 13
3838 0 8
3839 0 10
3840 1 6
3841 1 42
3842 0 18
3843 0 16
3844 0 39
3845 0 15
3848 0 12
3849 0 11
3850 0 8
3852 0 7
3853 0 16
3856 0 9
3857 1 13
3858 1 11
3859 1 23
3860 1 17
3861 1 11
3862 0 6
3863 0 6
3865 0 7
3866 1 17
3867 0 9
3868 0 8
3869 0 12
3870 0 7
3871 0 12
3872 0 6
3874 0 7
3875 0 9
3876 1 36
3878 0 31
3879 1 12
3880 0 11
3881 1 21
3882 1 8
3884 0 3
3885 0 9
3886 0 12
3887 0 7
3888 0 11
3890 0 6
3892 0 8
3893 0 17
3894 0 11
3895 0 10
3896 1 11
3897 1 14
3898 0 10
3899 0 7
3900 1 18
3901 1 15
3902 0 11
3903 0 11
3904 1 11
3908 0 14
3909 0 7
3910 0 19
3911 1 12
3912 0 28
3913 0 7
3914 0 11
3915 0 9
3916 0 9
3917 0 7
3918 0 9
3919 0 10
3920 0 8
3921 0 7
3922 0 16
3923 0 16
3924 0 8
3925 1 24
3926 1 10
3927 1 16
3928 1 11
3929 1 23
3930 0 10
3931 0 3
3932 0 25
3933 1 16
3934 0 3
3935 0 8
3936 0 6
3937 1 17
3938 0 9
3939 0 8
3940 0 10
3941 1 35
3942 1 16
3944 0 5
3945 0 11
3946 0 10
3948 1 21
3949 0 7
3950 0 17
3951 1 14
3952 0 8
3954 0 8
3957 0 14
3958 0 7
3962 0 19
3963 1 16
3966 0 16
3967 1 12
3968 1 32
3969 0 7
3970 0 8
3971 0 11
3972 0 11
3973 0 10
3974 0 11
3976 1 11
3977 0 7
3978 0 11
3980 1 17
3981 0 7
3983 0 9
3984 0 9
3985 1 12
3986 0 4
3987 1 13
3989 0 8
3990 0 11
3991 0 7
3992 0 11
3993 0 9
3994 0 10
3995 1 16
3996 0 4
3997 0 22
3998 1 28
3999 0 10
4000 0 10
4001 0 7
4002 0 4
4003 0 7
4004 0 7
4005 0 11
4006 0 9
4010 0 10
4011 0 11
4013 1 16
4014 1 19
4015 0 14
4017 0 15
4018 0 5
4019 0 10
4020 1 13
4021 0 8
4022 1 15
4024 0 9
4025 0 14
4026 0 9
4027 0 7
4029 0 16
4030 1 9
4031 0 11
4032 0 6
4033 0 13
4035 1 11
4036 0 17
4037 1 25
4038 1 12
4039 0 17
4040 1 9
4041 0 8
4042 0 7
4043 0 18
4044 0 16
4045 0 14
4046 0 7
4047 0 2
4048 0 9
4049 0 7
4050 0 6
4052 0 10
4053 0 9
4054 1 13
4056 0 7
4058 0 9
4059 1 11
4060 0 12
4061 0 3
4062 0 11
4063 0 11
4064 0 9
4065 1 26
4066 0 25
4067 1 12
4068 0 10
4069 0 11
4071 0 7
4073 1 19
4075 0 8
4076 0 7
4077 0 10
4078 0 10
4080 0 11
4082 0 12
4083 1 10
4084 0 10
4085 0 20
4086 0 9
4087 0 4
4088 0 6
4089 0 9
4091 0 6
4092 0 7
4093 0 7
4094 1 14
4095 1 15
4096 0 3
4097 1 6
4098 1 14
4099 0 7
4100 0 15
4101 0 10
4102 0 12
4103 0 9
4104 0 9
4105 0 16
4106 0 7
4107 1 11
4109 0 8
4110 1 11
4111 0 9
4112 0 11
4114 1 26
4115 0 7
4116 1 14
4117 0 11
4118 0 14
4119 0 7
4120 0 10
4121 0 8
4122 0 7
4123 1 24
4124 0 10
4125 0 11
4126 0 7
4127 0 23
4128 0 7
4129 0 3
4131 1 10
4132 0 11
4133 1 6
4134 1 11
4136 1 34
4137 0 17
4138 1 17
4140 0 5
4141 0 7
4142 1 15
4143 0 11
4145 0 10
4147 0 7
4149 0 16
4152 0 9
4153 0 9
4154 0 9
4155 0 17
4156 0 4
4157 0 11
4158 0 13
4159 1 14
4160 1 14
4162 1 12
4163 0 8
4165 0 10
4166 0 3
4168 0 11
4169 1 12
4171 1 19
4172 0 16
4173 0 11
4174 0 12
4175 0 7
4176 0 7
4177 0 10
4178 1 14
4179 0 8
4180 0 4
4181 0 8
4184 0 10
4185 0 7
4187 0 6
4189 0 4
4190 1 18
4191 0 8
4193 0 11
4194 1 12
4195 0 13
4196 1 25
4197 0 11
4198 0 8
4199 0 11
4200 1 11
4201 0 8
4202 0 20
4203 0 10
4204 0 8
4205 0 15
4207 0 28
4208 1 18
4209 0 26
4210 1 10
4211 1 6
4212 1 7
4213 0 8
4215 0 11
4216 0 8
4217 0 3
4218 0 8
4220 0 9
4221 0 9
4224 1 19
4225 0 18
4226 0 11
4228 0 10
4230 0 8
4231 1 14
4232 1 15
4233 1 22
4234 0 11
4235 1 8
4236 0 7
4237 1 9
4240 0 11
4241 0 7
4242 0 7
4243 0 21
4244 0 11
4245 0 15
4246 0 11
4247 1 21
4248 0 9
4249 0 6
4250 0 3
4251 0 16
4252 1 11
4254 0 11
4255 1 12
4256 0 7
4257 0 7
4259 0 9
4260 0 12
4261 0 14
4263 0 9
4264 1 15
4265 0 10
4266 1 17
4267 1 21
4269 1 29
4270 0 11
4272 0 11
4273 0 7
4274 0 9
4275 0 7
4276 1 29
4277 0 24
4278 0 10
4279 0 8
4280 0 3
4281 0 14
4282 0 16
4283 0 10
4284 0 10
4285 0 9
4286 1 11
4287 0 9
4288 0 12
4289 0 6
4290 0 9
4291 0 9
4293 0 8
4294 0 9
4296 0 12
4297 0 11
4298 1 11
4299 0 3
4300 0 5
4301 1 21
4302 0 8
4305 1 18
4306 0 15
4307 0 3
4308 0 7
4309 0 7
4310 1 14
4311 0 10
4312 0 10
4313 0 9
4315 0 8
4316 0 13
4317 0 8
4319 0 15
4320 0 7
4321 0 16
4322 0 11
4323 0 30
4324 1 12
4325 0 9
4326 0 8
4327 1 8
4328 1 17
4329 1 23
4330 0 8
4331 0 3
4332 1 18
4333 0 10
4334 1 15
4336 0 10
4337 0 6
4338 0 8
4339 0 3
4341 0 7
4343 1 14
4344 0 14
4345 1 11
4346 0 10
4347 0 22
4348 0 10
4350 0 9
4351 1 23
4352 1 18
4353 0 12
4355 0 9
4356 0 14
4358 1 17
4359 0 10
4361 0 7
4362 0 10
4363 0 7
4365 0 8
4366 0 8
4369 0 16
4370 0 6
4371 1 16
4372 0 9
4373 1 8
4374 0 11
4375 0 10
4377 0 9
4379 1 9
4380 0 9
4382 0 8
4384 1 15
4385 0 6
4386 1 16
4388 0 7
4389 0 9
4390 1 12
4391 0 7
4392 0 3
4393 0 11
4394 0 16
4395 0 11
4396 0 17
4397 0 3
4398 0 8
4399 0 10
4400 1 29
4401 1 12
4403 0 22
4405 0 9
4406 0 15
4408 0 8
4410 1 16
4411 0 9
4412 1 14
4413 0 9
4414 0 3
4416 1 21
4417 0 7
4418 0 7
4419 1 20
4420 0 9
4421 0 13
4423 0 10
4424 1 10
4425 0 8
4426 0 15
4427 0 16
4428 0 15
4429 1 15
4430 1 27
4431 1 7
4433 1 9
4434 1 16
4436 0 16
4437 0 3
4438 0 16
4439 0 3
4440 1 14
4441 0 28
4442 0 11
4444 1 11
4446 1 14
4447 0 7
4448 0 9
4449 1 23
4451 0 10
4452 1 17
4453 0 4
4454 1 40
4455 1 8
4458 0 22
4459 0 10
4461 0 10
4462 0 7
4463 1 11
4464 0 6
4465 0 19
4466 0 11
4468 0 11
4469 1 15
4470 0 7
4471 0 7
4472 0 9
4473 1 11
4474 0 6
4475 0 12
4476 0 5
4477 0 9
4478 0 10
4479 0 7
4480 0 11
4481 1 12
4482 0 10
4484 0 17
4485 0 8
4486 0 17
4487 0 11
4488 0 16
4489 1 14
4492 0 11
4493 0 10
4494 0 7
4495 0 7
4496 1 15
4497 0 3
4498 1 13
4499 0 16
4500 0 27
4501 0 11
4502 1 17
4503 0 11
4504 1 10
4505 1 12
4506 0 16
4507 0 17
4508 0 10
4509 1 25
4510 0 12
4511 0 10
4512 0 11
4513 0 22
4514 0 8
4515 0 7
4516 0 9
4518 0 9
4519 0 9
4520 1 11
4521 0 7
4523 0 7
4524 0 7
4526 0 10
4528 1 20
4530 0 9
4532 0 16
4533 1 23
4534 1 11
4536 0 2
4537 0 10
4538 0 24
4539 0 3
4540 0 4
4541 0 11
4542 0 11
4543 0 8
4544 0 10
4545 0 11
4546 0 19
4547 0 7
4548 0 13
4550 0 8
4551 1 8
4554 0 39
4555 1 16
4556 0 3
4557 0 15
4559 1 17
4560 0 10
4561 0 11
4562 1 33
4563 0 7
4564 0 6
4565 0 8
4566 0 4
4568 0 10
4569 1 14
4570 0 9
4571 0 8
4572 1 11
4573 0 8
4575 0 17
4576 1 15
4578 0 9
4579 0 8
4580 1 18
4581 0 11
4584 0 10
4585 1 11
4586 0 22
4587 1 19
4588 1 21
4589 0 10
4590 0 9
4591 0 10
4592 0 19
4593 0 16
4594 0 7
4595 0 16
4596 0 11
4597 0 11
4598 0 13
4599 0 11
4600 0 11
4601 0 11
4602 0 4
4603 0 7
4604 1 12
4605 0 10
4606 0 8
4607 0 8
4608 1 10
4609 1 12
4610 0 9
4611 0 11
4613 1 12
4615 0 7
4616 0 22
4617 0 11
4618 1 10
4619 1 10
4621 0 4
4622 1 11
4623 0 33
4625 0 8
4626 0 3
4627 0 9
4628 0 4
4630 0 8
4632 0 9
4633 0 20
4635 0 8
4636 0 17
4637 0 11
4638 1 19
4639 0 16
4640 1 16
4641 0 7
4643 1 14
4645 0 11
4646 0 16
4648 0 14
4650 0 3
4651 0 10
4652 1 13
4653 0 9
4654 0 11
4655 0 16
4657 0 9
4658 0 17
4659 0 11
4661 1 14
4662 0 5
4663 1 17
4666 0 9
4667 0 17
4668 0 7
4672 0 12
4673 1 20
4674 0 19
4675 0 11
4676 0 7
4678 0 7
4679 0 9
4680 1 8
4681 1 11
4682 0 9
4683 0 7
4684 0 3
4686 0 9
4688 0 16
4689 0 13
4690 0 14
4691 0 9
4692 1 18
4693 1 9
4695 0 9
4696 0 9
4697 0 7
4698 1 25
4699 0 21
4700 0 7
4701 0 13
4702 0 9
4703 0 14
4704 0 21
4707 0 10
4709 0 4
4710 0 9
4711 0 19
4712 0 8
4713 1 14
4715 1 12
4716 1 22
4717 1 11
4718 0 15
4719 0 11
4720 1 22
4721 0 7
4722 0 4
4723 0 3
4724 0 7
4725 0 11
4726 0 11
4727 1 18
4728 0 8
4729 0 9
4730 0 11
4731 0 11
4732 1 20
4733 0 4
4735 0 8
4736 0 16
4737 0 10
4738 1 12
4739 1 7
4740 1 15
4741 0 9
4742 0 9
4743 1 17
4744 0 9
4745 0 11
4746 0 9
4747 0 9
4748 0 7
4749 0 7
4751 1 26
4752 0 11
4753 1 16
4754 0 7
4755 1 39
4757 0 16
4760 1 14
4762 0 15
4763 0 15
4764 0 5
4765 0 7
4766 0 19
4767 0 9
4769 1 23
4770 0 8
4771 1 27
4772 0 8
4773 0 7
4774 0 9
4775 1 9
4776 0 23
4777 1 16
4778 0 9
4779 0 10
4780 1 16
4781 0 16
4783 1 18
4784 1 12
4785 1 10
4786 0 10
4788 0 7
4789 0 9
4790 0 4
4791 0 6
4793 1 18
4794 0 7
4795 1 15
4796 0 4
4798 0 6
4799 0 6
4800 0 4
4801 0 11
4802 1 31
4803 0 6
4805 1 7
4806 0 11
4807 0 7
4808 1 15
4809 0 7
4810 0 3
4811 0 10
4812 0 7
4813 1 17
4814 1 11
4815 0 11
4816 1 13
4817 1 12
4818 0 8
4819 0 10
4820 0 17
4821 0 10
4822 0 6
4823 0 8
4824 0 13
4825 0 3
4826 0 13
4827 0 11
4828 0 11
4829 1 17
4830 0 9
4831 1 13
4832 1 11
4834 1 37
4835 0 17
4836 0 12
4837 0 10
4838 0 6
4839 1 10
4840 0 11
4841 0 10
4843 0 9
4844 0 12
4845 1 19
4846 0 11
4847 1 8
4849 0 9
4850 0 9
4851 0 16
4852 1 11
4853 1 11
4854 0 15
4855 0 25
4856 0 8
4857 1 41
4858 0 11
4861 1 15
4862 0 16
4864 0 7
4865 0 7
4866 0 16
4867 0 10
4868 1 19
4869 1 13
4870 0 11
4871 1 28
4872 1 13
4874 0 12
4875 1 19
4876 0 9
4877 1 23
4878 0 8
4879 1 22
4880 1 11
4881 1 32
4883 0 19
4884 1 16
4885 0 8
4886 0 10
4887 0 9
4888 0 11
4890 0 6
4891 0 16
4892 1 14
4894 0 10
4895 1 9
4896 1 16
4897 1 15
4898 0 8
4899 0 10
4900 0 8
4901 1 9
4902 0 7
4903 0 8
4904 1 9
4905 0 10
4907 0 11
4908 1 9
4909 0 11
4910 0 4
4911 0 13
4912 0 8
4913 0 7
4916 0 7
4918 0 34
4919 0 10
4920 1 16
4921 1 11
4923 1 18
4924 0 12
4926 1 12
4929 1 13
4930 0 16
4932 0 8
4933 0 11
4934 0 8
4936 0 10
4937 0 11
4939 0 10
4940 0 42
4942 0 11
4943 1 18
4944 1 15
4945 0 7
4946 0 10
4949 0 7
4950 0 15
4953 1 18
4954 1 12
4955 1 13
4956 0 7
4957 1 19
4958 0 20
4959 0 7
4960 0 9
4962 0 17
4963 1 16
4964 0 7
4965 0 16
4966 0 10
4970 0 19
4972 0 10
4973 1 13
4974 1 21
4975 0 8
4976 0 10
4977 0 16
4978 0 11
4979 0 7
4980 1 11
4981 0 7
4982 1 18
4983 0 12
4984 0 20
4985 1 13
4986 0 12
4987 0 3
4988 1 11
4989 0 12
4992 0 9
4993 0 8
4994 0 8
4995 0 11
4996 1 17
4997 0 7
4998 0 9
4999 0 10
5000 0 10
5001 0 7
5002 0 11
5003 0 8
5004 0 10
5005 0 9
5006 1 20
5007 0 8
5008 0 11
5009 0 23
5010 0 10
5011 0 8
5012 0 8
5013 0 8
5014 1 12
5015 0 8
5018 0 3
5019 1 11
5020 1 19
5022 0 10
5024 1 34
5025 0 23
5026 1 12
5027 0 18
5028 1 13
5029 0 27
5031 0 3
5032 0 19
5033 0 10
5034 0 10
5035 0 8
5036 0 10
5037 0 5
5038 1 15
5039 0 7
5040 1 17
5041 1 16
5043 0 8
5044 0 7
5045 0 8
5046 0 9
5047 0 29
5048 1 23
5049 0 12
5050 0 13
5051 1 22
5052 0 11
5053 0 9
5054 0 6
5057 0 16
5059 0 9
5060 1 16
5061 1 19
5062 0 8
5063 1 11
5064 1 73
5065 0 9
5066 1 13
5067 1 11
5068 0 27
5071 0 9
5072 1 10
5073 1 15
5074 0 7
5075 0 7
5076 0 10
5077 0 6
5078 1 11
5080 1 31
5081 0 10
5083 1 13
5084 0 8
5085 1 29
5086 0 5
5088 0 8
5089 0 7
5090 0 11
5091 0 11
5092 1 15
5093 0 8
5094 0 8
5095 1 10
5096 1 10
5097 0 9
5098 1 14
5099 0 7
5100 0 8
5101 0 10
5102 0 21
5103 1 15
5104 0 7
5105 0 8
5106 0 8
5107 0 9
5108 0 7
5109 0 19
5110 0 3
5111 0 8
5113 0 9
5114 1 15
5115 1 21
5116 0 21
5117 0 9
5118 0 9
5119 0 10
5120 1 10
5121 0 10
5122 1 21
5123 1 20
5124 0 7
5125 0 16
5127 0 2
5128 0 10
5129 1 18
5130 1 16
5131 1 14
5132 0 8
5136 0 11
5137 1 17
5138 1 13
5139 0 9
5141 1 22
5142 1 22
5143 0 10
5144 0 7
5145 0 11
5146 0 23
5147 0 7
5148 0 22
5149 0 8
5151 1 15
5152 0 9
5153 0 11
5154 0 10
5155 1 14
5159 1 19
5160 0 16
5161 0 9
5163 0 19
5166 1 19
5168 0 23
5169 0 10
5170 1 16
5171 0 9
5172 0 9
5173 0 10
5174 0 7
5177 1 14
5178 0 10
5179 1 27
5180 0 9
5181 0 21
5182 1 28
5183 0 9
5184 0 8
5185 0 8
5186 0 11
5187 0 6
5188 1 12
5189 0 13
5190 0 9
5191 0 9
5192 0 8
5193 1 16
5196 1 19
5198 0 10
5199 0 8
5201 0 23
5202 0 10
5204 0 10
5206 0 16
5207 1 22
5208 0 36
5209 0 13
5210 1 22
5211 1 11
5212 0 11
5213 0 7
5214 0 42
5215 1 16
5216 0 16
5217 0 8
5218 1 11
5219 0 10
5220 1 11
5224 0 15
5225 0 7
5226 0 19
5227 1 14
5229 1 21
5230 1 9
5231 0 11
5232 0 50
5233 1 23
5234 0 10
5235 0 8
5236 0 4
5237 1 22
5238 0 9
5239 1 10
5240 1 12
5242 0 11
5243 0 2
5244 0 14
5245 0 8
5246 1 21
5247 0 17
5248 1 17
5250 0 8
5256 0 3
5257 0 20
5258 1 25
5259 0 10
5260 0 7
5261 0 9
5262 1 7
5263 0 8
5264 0 9
5265 1 21
5267 1 4
5268 1 10
5269 0 4
5271 0 7
5272 0 10
5273 0 3
5275 0 18
5276 0 11
5277 0 17
5278 1 19
5279 1 10
5280 0 7
5281 0 8
5283 0 14
5285 1 5
5287 0 8
5288 0 17
5290 1 21
5291 0 9
5292 0 8
5293 0 7
5294 0 22
5295 0 8
5296 0 11
5297 0 10
5298 0 5
5299 0 9
5301 1 13
5302 1 14
5303 0 25
5305 0 9
5306 0 9
5307 0 7
5311 0 11
5312 0 3
5313 0 13
5314 1 20
5315 0 12
5317 0 10
5318 0 12
5319 1 14
5321 0 16
5323 1 26
5324 0 7
5325 0 3
5326 0 11
5327 0 10
5328 1 14
5330 0 9
5332 0 18
5333 0 12
5334 0 7
5335 0 8
5336 0 9
5337 0 8
5338 0 16
5339 0 8
5340 1 27
5341 0 11
5343 0 9
5344 0 11
5345 0 9
5346 0 17
5347 1 11
5348 0 3
5349 0 8
5350 0 10
5351 0 12
5353 0 9
5354 0 11
5355 0 16
5356 0 7
5357 1 17
5358 0 8
5359 0 10
5361 0 7
5362 0 10
5364 1 15
5365 1 39
5366 1 22
5369 0 6
5370 0 11
5372 1 10
5373 0 9
5374 0 4
5376 0 39
5377 0 5
5378 0 9
5379 0 7
5380 0 20
5382 1 12
5383 0 11
5384 0 8
5385 0 7
5387 0 8
5388 0 2
5389 1 15
5390 0 9
5393 0 3
5394 0 9
5395 0 10
5396 0 8
5397 0 9
5399 1 19
5400 0 16
5401 1 14
5403 0 8
5404 0 9
5405 0 16
5406 1 17
5407 0 50
5409 1 13
5410 0 13
5411 1 23
5412 0 10
5414 0 25
5416 1 7
5417 1 19
5418 0 9
5419 0 11
5420 0 11
5421 1 18
5422 0 11
5423 0 10
5424 0 8
5426 0 8
5428 1 14
5429 0 12
5430 1 28
5431 0 8
5434 0 6
5435 0 11
5436 1 24
5437 1 18
5441 1 16
5442 0 7
5443 1 14
5444 0 10
5445 0 8
5446 1 11
5447 1 16
5448 0 9
5449 0 6
5451 1 13
5452 0 13
5454 0 23
5457 0 20
5458 0 7
5460 0 10
5462 0 10
5463 0 11
5464 0 21
5466 0 7
5467 0 6
5468 1 11
5469 0 11
5471 0 4
5472 1 13
5473 0 7
5474 1 14
5475 0 10
5476 0 8
5477 0 9
5478 1 10
5479 1 19
5480 0 13
5481 1 16
5483 0 7
5485 0 7
5486 0 7
5487 0 7
5488 1 10
5489 0 10
5490 0 10
5491 0 7
5492 0 7
5494 0 4
5495 1 11
5496 1 11
5497 0 13
5499 1 11
5501 0 11
5502 1 2
5503 0 10
5504 1 11
5505 0 9
5506 0 10
5508 1 15
5509 0 10
5510 1 16
5511 1 12
5512 0 4
5513 0 4
5514 0 8
5517 0 8
5518 1 18
5520 0 4
5521 0 16
5522 0 12
5523 0 16
5524 0 9
5525 0 7
5526 0 11
5527 0 17
5529 0 9
5530 1 13
5531 0 4
5532 0 10
5533 1 12
5534 0 10
5535 0 16
5536 0 7
5537 0 7
5538 1 18
5540 0 9
5541 0 4
5542 0 8
5543 0 3
5544 0 11
5545 0 15
5546 0 8
5547 1 11
5548 0 13
5549 0 11
5550 0 7
5551 0 11
5553 0 8
5554 0 11
5555 0 7
5557 1 21
5558 0 12
5559 0 10
5560 0 25
5561 0 14
5562 0 10
5564 1 23
5566 0 11
5568 0 17
5569 1 27
5570 0 9
5571 0 8
5572 0 11
5573 1 9
5574 1 15
5575 1 14
5576 0 11
5577 0 10
5578 0 7
5579 0 10
5581 0 21
5582 1 13
5584 0 10
5585 1 8
5586 0 17
5587 1 11
5588 1 20
5589 0 8
5590 0 12
5592 0 11
5593 0 12
5594 1 13
5596 0 7
5597 0 18
5598 1 18
5601 1 17
5602 0 9
5603 0 10
5604 0 7
5606 0 7
5608 0 20
5609 0 8
5610 0 11
5613 0 3
5614 0 9
5615 1 30
5616 1 12
5617 0 8
5619 0 11
5620 0 10
5621 0 10
5622 0 9
5623 0 8
5624 0 10
5625 0 22
5626 0 11
5627 1 8
5629 0 12
5630 0 14
5631 0 23
5632 1 12
5634 0 7
5635 0 7
5637 0 12
5638 0 10
5639 0 10
5640 0 11
5641 0 5
5642 0 17
5643 1 15
5644 0 10
5645 0 11
5646 1 13
5647 0 15
5648 0 23
5649 0 13
5650 0 11
5651 0 7
5652 0 11
5653 0 24
5655 0 11
5656 0 16
5657 0 8
5658 1 17
5660 0 15
5661 1 11
5664 0 11
5665 0 7
5668 0 11
5669 0 10
5672 0 7
5673 0 11
5675 0 11
5676 0 9
5677 0 12
5678 0 7
5679 1 3
5680 0 4
5681 1 12
5682 0 9
5683 1 12
5684 1 14
5686 0 11
5687 0 10
5689 0 7
5690 0 8
5691 0 10
5693 0 7
5694 1 13
5695 0 3
5696 1 10
5698 0 10
5699 0 15
5700 0 7
5701 0 25
5702 1 11
5703 0 9
5705 0 17
5706 0 7
5707 0 7
5709 0 8
5710 1 23
5711 1 17
5712 0 11
5713 1 19
5714 0 7
5715 0 27
5716 0 7
5717 0 6
5718 0 12
5720 0 8
5721 1 21
5723 0 16
5724 1 19
5725 0 7
5726 0 10
5727 0 10
5728 0 3
5729 0 11
5731 0 8
5732 1 11
5733 1 20
5734 0 5
5735 0 16
5736 0 7
5737 1 16
5738 0 21
5739 0 10
5740 0 43
5741 0 11
5742 1 14
5744 0 11
5745 0 7
5747 0 18
5748 0 19
5749 1 10
5750 1 15
5751 0 3
5752 0 8
5754 1 12
5755 0 3
5756 0 2
5757 0 4
5758 0 9
5759 0 10
5762 0 16
5763 0 10
5764 1 26
5765 1 23
5766 0 9
5767 0 8
5768 1 16
5769 1 11
5770 1 26
5771 0 5
5772 0 7
5775 0 11
5776 1 18
5777 1 14
5778 0 24
5779 0 10
5780 0 10
5782 0 8
5783 1 8
5784 0 11
5786 0 6
5788 1 15
5789 0 25
5790 0 36
5792 0 7
5793 0 10
5794 0 10
5796 1 15
5797 0 10
5798 0 7
5799 1 15
5800 1 16
5801 1 11
5802 0 3
5803 0 21
5804 0 19
5805 1 21
5806 1 10
5808 0 11
5809 0 7
5810 0 9
5811 0 16
5813 1 11
5814 0 18
5815 0 7
5816 1 16
5817 1 17
5818 0 11
5820 0 7
5821 0 6
5822 0 7
5823 0 28
5824 1 7
5826 0 9
5827 0 15
5829 1 11
5830 1 12
5831 0 11
5832 1 11
5833 0 21
5834 0 8
5837 0 13
5838 0 8
5839 1 11
5841 0 7
5842 0 7
5843 0 8
5844 0 11
5845 0 9
5847 0 9
5850 0 16
5851 0 5
5854 0 10
5856 0 11
5857 0 7
5858 0 4
5860 0 11
5861 1 12
5862 0 11
5863 0 9
5864 0 8
5865 0 16
5866 1 17
5867 0 7
5868 0 21
5869 0 7
5870 0 11
5871 1 30
5872 0 7
5873 0 9
5874 0 6
5875 0 7
5877 1 29
5879 0 7
5880 0 10
5882 0 11
5884 0 8
5885 0 30
5886 0 11
5887 0 11
5888 1 14
5889 1 13
5890 0 19
5891 0 8
5892 0 34
5894 0 6
5895 0 10
5896 1 15
5897 1 16
5898 0 11
5899 1 15
5900 0 11
5901 1 13
5902 0 15
5903 0 20
5904 1 17
5906 0 8
5907 0 11
5908 0 8
5909 0 6
5910 0 7
5911 0 8
5914 1 8
5915 0 4
5916 0 10
5917 0 8
5919 1 13
5923 0 21
5924 0 33
5925 0 12
5926 0 9
5928 1 15
5929 0 10
5930 0 6
5931 1 11
5932 0 7
5934 1 17
5935 0 10
5940 0 7
5941 0 12
5942 0 10
5944 1 16
5945 0 8
5946 0 7
5947 0 11
5948 0 9
5949 0 11
5950 0 8
5952 1 14
5953 0 18
5954 1 13
5955 0 10
5956 0 9
5957 1 14
5958 1 12
5959 0 11
5961 0 28
5962 0 8
5963 0 11
5964 1 3
5965 0 16
5966 0 6
5967 1 12
5968 0 9
5969 0 10
5971 0 4
5972 0 6
5973 0 10
5975 0 4
5977 1 12
5978 0 9
5980 1 31
5981 1 20
5982 0 9
5983 0 16
5984 0 16
5985 1 21
5986 1 13
5988 1 16
5990 0 8
5991 0 7
5992 1 22
5993 0 12
5994 0 18
5995 1 12
5996 0 10
5997 0 7
5998 1 16
5999 0 8
6000 1 19
6001 1 11
6002 0 7
6003 0 12
6004 1 10
6005 0 4
6006 1 7
6008 0 5
6009 1 16
6010 0 20
6011 0 14
6012 0 8
6013 0 11
6014 0 9
6015 0 8
6016 0 20
6017 0 10
6019 0 11
6020 0 23
6022 0 10
6023 0 8
6024 0 14
6026 0 9
6027 0 10
6028 0 17
6029 1 15
6030 0 29
6031 1 17
6032 0 11
6033 0 10
6034 0 11
6036 0 9
6037 0 9
6038 1 11
6039 0 13
6040 0 9
6041 0 15
6043 0 8
6044 0 9
6045 0 8
6046 1 19
6047 0 2
6048 0 8
6049 0 8
6050 0 10
6052 0 7
6053 1 13
6054 1 11
6055 1 16
6056 0 13
6057 1 8
6058 0 10
6059 0 10
6060 1 10
6061 0 9
6062 0 8
6063 1 20
6064 0 8
6065 0 12
6066 0 17
6067 0 10
6068 0 11
6069 0 29
6071 0 9
6072 1 17
6073 0 23
6074 0 8
6076 1 21
6080 1 9
6081 0 8
6082 0 3
6083 0 47
6084 0 33
6085 0 8
6086 0 6
6087 0 11
6089 0 3
6090 0 17
6091 0 10
6094 0 11
6095 1 13
6096 1 11
6097 1 16
6098 0 17
6099 1 16
6100 0 11
6101 0 10
6103 0 4
6104 0 10
6105 0 13
6106 0 10
6107 1 10
6108 0 11
6109 0 17
6110 0 11
6113 0 9
6114 0 9
6115 1 13
6116 0 7
6117 0 14
6119 0 11
6120 1 11
6121 0 10
6122 0 11
6123 0 10
6125 0 9
6126 0 14
6127 1 17
6128 0 17
6129 0 11
6130 0 3
6131 1 10
6132 0 9
6133 1 16
6134 0 7
6135 1 12
6136 1 11
6137 0 11
6139 0 7
6140 0 16
6142 0 11
6144 0 8
6145 0 9
6146 0 8
6147 0 7
6148 0 11
6149 0 10
6151 1 12
6152 0 23
6153 0 11
6154 0 11
6155 0 6
6156 0 8
6157 0 7
6158 0 8
6159 0 16
6160 0 10
6161 0 10
6162 1 7
6163 0 17
6164 0 7
6165 0 10
6166 0 10
6168 1 13
6169 0 11
6170 0 9
6172 0 10
6173 0 11
6174 0 7
6175 0 8
6177 0 11
6179 1 15
6180 0 12
6181 0 10
6182 0 10
6184 0 7
6185 0 7
6186 0 7
6188 0 3
6189 1 12
6190 0 8
6192 1 26
6194 0 7
6196 1 11
6197 0 11
6199 0 9
6200 0 18
6201 0 11
6202 1 3
6205 0 17
6206 0 7
6207 0 11
6208 0 11
6209 1 14
6210 0 3
6211 0 18
6212 1 14
6213 0 9
6214 0 10
6215 0 2
6216 0 8
6217 1 16
6218 0 9
6219 0 10
6220 0 7
6221 0 4
6222 0 7
6223 0 8
6224 0 18
6225 0 10
6226 0 16
6227 0 16
6228 0 9
6229 0 15
6230 0 3
6233 1 9
6234 0 3
6235 0 10
6236 0 10
6237 0 16
6238 0 11
6239 0 16
6240 0 6
6241 0 17
6243 0 12
6244 0 19
6245 0 16
6246 1 10
6247 0 3
6248 0 24
6249 1 15
6250 1 18
6252 0 8
6253 0 11
6254 0 14
6255 1 13
6257 0 3
6258 0 8
6259 0 7
6260 0 10
6262 0 8
6263 1 11
6264 0 7
6266 0 6
6267 0 7
6268 0 9
6269 0 9
6270 1 34
6272 0 18
6274 1 9
6275 0 21
6276 0 9
6277 0 3
6278 0 10
6279 1 19
6281 0 9
6283 1 17
6284 0 8
6286 0 15
6287 0 15
6288 0 10
6289 0 7
6290 0 6
6292 0 8
6293 0 12
6294 0 9
6295 0 8
6296 0 10
6297 0 10
6298 0 11
6299 0 11
6300 0 8
6301 0 9
6302 0 9
6304 1 14
6305 1 24
6306 0 11
6308 0 7
6309 1 31
6311 0 8
6312 0 7
6313 0 4
6314 0 7
6315 1 19
6317 0 15
6319 0 7
6321 0 3
6322 0 8
6325 1 23
6326 0 11
6327 0 16
6328 1 29
6330 0 16
6331 1 12
6332 0 11
6333 0 11
6334 0 11
6335 0 8
6336 0 11
6337 0 8
6340 1 14
6341 0 11
6342 0 16
6343 0 7
6344 0 3
6345 0 8
6346 0 8
6347 0 18
6348 1 12
6349 0 14
6352 0 9
6353 0 11
6354 0 9
6359 0 7
6360 0 17
6361 0 11
6363 0 9
6364 0 11
6365 0 10
6366 0 16
6367 0 14
6368 1 24
6369 1 16
6370 0 11
6376 0 10
6377 0 10
6379 1 10
6380 1 26
6381 1 17
6382 0 17
6383 0 11
6385 1 16
6387 0 7
6388 0 9
6390 0 7
6391 0 9
6392 0 2
6393 1 29
6394 0 8
6395 0 8
6396 0 11
6401 0 16
6402 0 10
6403 0 12
6404 0 15
6405 0 7
6406 0 4
6407 0 16
6408 0 8
6409 0 8
6410 0 11
6411 0 10
6412 1 11
6413 0 10
6414 0 8
6415 0 12
6417 1 19
6419 1 12
6420 0 7
6421 0 10
6422 1 7
6423 0 19
6424 0 8
6425 0 7
6426 0 10
6427 1 16
6428 1 23
6429 0 10
6430 1 20
6431 0 17
6432 1 11
6433 0 8
6434 1 12
6435 0 11
6436 0 11
6437 0 11
6439 0 9
6440 0 15
6441 0 10
6442 0 10
6446 0 8
6447 0 11
6448 0 10
6449 0 3
6450 0 8
6451 1 11
6452 1 26
6456 0 32
6457 1 11
6458 0 11
6459 0 9
6460 1 23
6463 0 7
6464 0 8
6465 0 9
6466 1 19
6467 1 22
6469 1 8
6470 0 11
6471 0 5
6472 0 16
6473 0 7
6474 0 9
6475 0 8
6476 0 10
6477 0 10
6478 0 10
6479 0 9
6480 0 19
6481 1 14
6482 0 21
6483 0 10
6485 0 8
6487 0 3
6488 0 16
6490 1 29
6491 0 8
6493 0 5
6494 0 23
6495 0 6
6496 1 20
6497 0 8
6498 0 11
6499 0 10
6500 1 27
6501 0 8
6502 0 8
6503 0 9
6504 0 2
6505 0 16
6506 0 11
6507 0 4
6508 1 12
6509 0 7
6511 0 10
6512 0 10
6514 0 9
6515 0 7
6517 0 7
6518 0 23
6521 0 29
6522 0 17
6524 0 8
6525 1 13
6526 0 16
6527 0 17
6528 0 5
6529 1 6
6530 0 17
6531 1 17
6532 0 10
6533 0 11
6534 1 14
6536 1 24
6537 1 12
6538 1 12
6539 0 9
6540 0 6
6541 1 22
6542 0 6
6543 0 7
6544 0 8
6546 0 11
6547 1 26
6548 0 7
6549 0 9
6550 0 8
6553 0 11
6554 1 18
6555 0 9
6556 1 33
6557 0 23
6558 1 15
6559 1 17
6561 0 9
6563 0 18
6564 1 12
6566 0 16
6567 1 11
6568 0 11
6569 1 11
6570 0 17
6572 0 12
6573 0 3
6574 0 8
6575 0 7
6576 0 16
6577 0 17
6579 1 29
6580 0 2
6581 0 8
6582 0 10
6583 1 29
6584 1 16
6585 0 15
6587 0 7
6588 1 16
6589 0 9
6590 1 11
6591 0 2
6593 0 10
6594 0 11
6595 1 21
6596 0 15
6598 0 10
6600 0 11
6601 1 21
6602 0 7
6604 0 17
6605 1 7
6606 0 7
6607 0 7
6608 1 11
6609 1 17
6610 0 10
6611 0 18
6612 1 9
6613 0 7
6614 0 4
6615 0 10
6617 0 8
6618 0 12
6619 0 7
6620 0 6
6621 1 11
6622 0 7
6623 1 6
6624 0 7
6625 0 7
6626 1 11
6627 1 18
6628 0 11
6629 0 7
6630 0 8
6631 0 11
6632 0 10
6633 0 15
6634 1 18
6635 0 11
6637 0 4
6638 0 8
6639 1 17
6641 0 8
6642 0 13
6643 0 11
6645 0 17
6646 1 36
6648 0 16
6649 0 6
6650 0 10
6651 0 7
6652 1 24
6654 1 13
6655 0 6
6659 1 23
6660 0 13
6661 0 9
6662 0 7
6663 0 5
6664 0 10
6666 0 10
6667 1 17
6668 1 15
6669 0 11
6670 0 10
6671 0 8
6672 0 8
6673 0 10
6674 0 8
6675 1 31
6676 1 13
6678 0 23
6679 0 3
6680 0 8
6681 0 10
6682 0 7
6683 1 16
6684 0 17
6685 0 16
6686 0 10
6687 0 7
6688 0 11
6689 0 7
6690 1 13
6691 1 13
6693 0 8
6694 0 7
6695 0 20
6697 1 19
6698 1 28
6700 0 3
6701 0 17
6702 1 6
6703 1 18
6704 0 8
6706 0 12
6707 0 5
6708 0 14
6709 1 17
6710 0 8
6711 0 10
6712 1 11
6715 0 11
6716 0 3
6717 0 3
6718 1 17
6721 1 21
6722 1 13
6723 0 7
6725 0 16
6727 0 11
6728 0 7
6729 1 18
6730 0 3
6732 0 14
6733 0 13
6734 0 16
6735 1 13
6736 1 11
6737 1 13
6738 0 9
6740 0 8
6741 0 8
6742 0 11
6743 1 16
6744 0 9
6746 1 11
6747 1 22
6748 0 9
6749 0 12
6750 0 7
6752 0 14
6753 0 9
6754 0 7
6755 0 11
6756 0 10
6757 0 16
6758 0 14
6759 0 11
6760 0 9
6761 0 3
6762 0 7
6764 0 13
6765 0 6
6766 0 12
6767 0 8
6768 1 13
6770 1 13
6771 0 34
6772 0 11
6773 1 11
6774 0 9
6775 0 7
6776 0 9
6777 0 10
6778 0 17
6780 0 17
6782 0 16
6783 1 28
6784 0 7
6785 0 18
6786 0 7
6787 1 12
6789 0 14
6790 1 19
6791 0 4
6793 1 18
6794 1 27
6796 0 9
6797 0 17
6798 1 12
6799 1 26
6801 0 7
6802 0 8
6803 0 8
6804 0 17
6805 0 8
6806 0 10
6807 0 15
6808 0 3
6809 1 11
6810 0 33
6811 0 10
6812 1 10
6813 0 9
6814 0 10
6815 0 17
6816 0 9
6817 0 7
6818 1 11
6819 0 8
6820 0 6
6821 0 4
6824 0 16
6825 0 8
6826 0 19
6829 1 12
6830 0 7
6832 0 17
6833 1 13
6834 0 11
6836 1 10
6837 0 6
6838 1 30
6839 1 13
6841 1 12
6843 0 11
6847 0 15
6849 0 16
6850 0 9
6851 1 11
6852 1 18
6853 0 14
6855 1 26
6856 1 16
6857 1 16
6859 0 2
6860 1 50
6861 1 8
6862 0 8
6863 1 12
6865 0 11
6866 0 8
6868 1 14
6869 0 7
6870 0 7
6871 1 11
6872 0 7
6873 1 11
6874 1 30
6875 0 19
6877 0 4
6879 0 11
6880 0 10
6881 0 12
6882 0 16
6883 1 15
6885 0 11
6886 0 31
6887 1 11
6888 0 11
6889 0 8
6890 0 11
6893 0 9
6894 1 13
6896 1 8
6897 0 11
6898 0 16
6900 0 23
6901 0 16
6902 0 17
6903 0 10
6904 0 2
6905 0 17
6906 0 9
6907 0 13
6908 1 23
6910 0 9
6911 1 15
6912 0 7
6913 1 11
6914 1 17
6915 0 19
6916 0 10
6917 0 9
6919 1 4
6920 1 11
6922 1 21
6923 1 37
6924 0 11
6925 0 10
6926 0 9
6927 0 7
6928 1 21
6929 1 24
6930 0 14
6931 1 11
6932 1 8
6935 1 11
6937 0 9
6938 0 10
6939 1 16
6940 0 10
6942 1 11
6943 0 16
6944 0 6
6945 1 13
6946 0 9
6947 0 8
6948 0 9
6950 0 10
6951 0 9
6952 1 15
6954 0 7
6955 0 13
6957 0 34
6958 0 9
6960 1 14
6961 1 8
6964 0 8
6965 0 10
6966 1 9
6967 0 8
6968 0 11
6969 1 14
6970 0 9
6973 0 8
6975 0 10
6976 0 11
6977 0 19
6978 1 17
6979 0 3
6980 0 17
6981 1 19
6983 0 6
6984 1 13
6985 0 7
6986 0 10
6987 1 16
6988 1 11
6989 0 21
6990 1 13
6991 0 6
6993 0 9
6994 1 12
6995 1 16
6996 0 10
6997 1 15
6999 0 11
7000 0 8
7001 1 13
7002 0 7
7003 0 10
7004 1 9
7006 1 17
7008 0 35
7009 0 11
7010 0 11
7011 1 12
7013 0 4
7015 1 10
7016 0 27
7017 0 12
7018 1 12
7019 1 23
7020 0 10
7021 0 14
7022 0 18
7023 1 22
7024 0 5
7025 0 11
7026 0 5
7028 0 7
7029 0 11
7030 0 6
7031 0 9
7032 0 17
7033 0 11
7034 0 9
7035 0 17
7036 0 8
7037 0 11
7039 0 10
7040 0 3
7041 1 32
7043 1 14
7044 1 27
7047 1 12
7048 1 11
7049 0 11
7050 0 10
7051 0 6
7052 0 18
7053 0 10
7054 1 31
7056 1 21
7058 0 8
7059 0 26
7063 0 7
7064 0 9
7065 1 31
7068 1 7
7069 1 11
7072 0 10
7073 0 11
7075 0 13
7076 1 13
7078 0 8
7080 1 14
7081 0 10
7082 1 16
7083 1 7
7084 1 18
7085 1 18
7086 0 9
7088 1 14
7089 0 21
7094 0 12
7096 1 16
7097 0 12
7098 0 8
7099 1 11
7100 1 13
7102 0 13
7103 0 18
7104 0 10
7105 0 11
7106 0 8
7107 1 19
7109 0 9
7110 0 16
7111 0 16
7112 1 21
7113 0 7
7115 0 12
7116 1 17
7117 0 9
7119 1 18
7121 1 19
7122 0 8
7123 1 11
7124 1 11
7125 1 24
7126 0 7
7127 0 9
7128 1 12
7129 0 6
7130 1 12
7131 0 11
7133 0 6
7134 0 14
7135 0 10
7137 0 9
7139 0 22
7140 0 9
7141 1 32
7143 1 12
7144 0 11
7148 0 9
7149 0 7
7150 1 17
7151 0 9
7153 0 7
7154 0 8
7155 1 12
7156 1 16
7157 0 9
7159 0 6
7161 0 11
7162 0 4
7163 0 21
7164 0 23
7166 0 9
7167 0 8
7168 0 14
7170 0 7
7171 0 10
7174 0 6
7175 0 24
7176 1 13
7178 0 8
7179 0 8
7180 0 10
7181 0 11
7183 0 7
7184 0 8
7187 0 9
7188 1 23
7189 1 14
7190 1 18
7191 1 11
7192 1 13
7194 0 8
7196 0 10
7197 0 8
7198 0 3
7200 0 8
7202 0 9
7203 0 11
7204 0 7
7205 1 13
7206 0 8
7207 1 12
7208 0 11
7209 1 13
7210 0 29
7211 0 10
7212 0 8
7213 1 21
7216 1 14
7217 0 12
7219 0 11
7220 0 16
7221 0 6
7222 0 8
7223 0 11
7224 0 8
7228 1 7
7229 1 36
7230 0 7
7233 0 7
7234 0 13
7235 1 15
7237 0 5
7238 0 6
7239 0 10
7240 0 14
7241 0 8
7242 0 8
7244 1 12
7247 0 12
7249 0 11
7251 0 8
7252 0 9
7253 0 10
7254 1 26
7255 1 11
7256 0 4
7257 0 11
7258 0 10
7259 1 11
7261 0 11
7262 0 3
7263 0 15
7264 0 6
7265 0 11
7266 0 4
7268 1 13
7269 1 7
7271 1 22
7272 0 16
7273 0 16
7277 1 17
7278 0 11
7280 0 10
7281 0 17
7282 1 36
7283 0 6
7284 1 20
7285 0 9
7286 0 19
7287 0 16
7288 1 9
7289 0 5
7290 0 3
7291 0 11
7292 0 8
7293 1 11
7294 0 7
7295 0 8
7296 0 9
7297 1 11
7298 1 22
7299 0 11
7302 0 22
7303 0 4
7304 1 19
7305 0 13
7308 0 3
7309 0 23
7310 0 9
7311 1 17
7312 0 10
7313 0 7
7314 0 16
7315 0 6
7317 0 13
7318 0 13
7320 0 28
7321 1 18
7322 1 17
7323 0 14
7324 0 6
7325 1 20
7326 1 8
7329 0 11
7333 0 9
7334 0 11
7335 0 11
7337 0 8
7338 1 19
7339 0 10
7340 1 13
7342 0 16
7343 0 20
7344 0 10
7345 0 10
7347 0 7
7349 0 9
7350 1 15
7351 0 10
7352 1 16
7353 1 10
7354 0 8
7355 0 26
7356 1 12
7357 1 20
7358 0 9
7360 1 19
7361 0 11
7363 0 2
7364 1 11
7365 0 10
7366 1 11
7367 0 16
7368 0 8
7369 0 7
7370 0 3
7373 1 16
7374 0 10
7375 1 30
7376 0 16
7377 0 19
7378 0 5
7379 1 11
7380 0 11
7381 0 9
7382 1 11
7383 1 16
7384 0 11
7385 0 31
7386 0 20
7387 1 17
7389 0 11
7391 0 8
7393 0 18
7395 0 10
7396 1 16
7397 1 21
7398 0 4
7399 1 11
7401 0 6
7402 0 9
7403 1 14
7405 0 11
7406 0 11
7408 1 11
7409 0 11
7410 0 11
7411 1 12
7412 0 7
7413 0 10
7414 0 12
7415 0 11
7416 0 6
7417 1 38
7418 0 21
7420 1 21
7421 0 26
7422 0 11
7423 0 20
7424 0 10
7425 0 13
7426 0 9
7428 0 7
7429 1 23
7431 1 19
7434 0 11
7435 0 8
7437 0 17
7438 0 7
7439 0 7
7440 0 8
7441 0 14
7442 1 26
7443 1 35
7444 0 15
7445 0 16
7446 0 6
7448 1 12
7449 0 9
7450 0 7
7451 0 10
7452 0 10
7453 0 7
7454 1 14
7455 1 10
7456 0 10
7458 0 9
7459 0 7
7460 0 7
7461 0 11
7462 0 10
7463 0 8
7465 0 16
7467 0 3
7468 0 8
7471 1 14
7472 1 14
7473 0 9
7474 0 3
7475 0 16
7476 0 15
7477 1 13
7478 0 23
7479 0 9
7481 0 8
7482 1 12
7483 0 7
7484 0 9
7485 0 7
7488 0 7
7490 1 13
7494 0 30
7495 0 11
7496 1 16
7497 0 17
7498 0 11
7499 1 12
7500 1 13
7502 0 13
7503 0 8
7504 1 15
7505 1 20
7506 0 3
7507 0 11
7508 0 10
7509 0 3
7510 0 31
7511 0 13
7512 0 6
7513 0 22
7514 0 11
7515 0 16
7516 0 9
7517 0 6
7518 0 9
7519 0 13
7520 1 15
7521 0 8
7522 1 11
7523 1 17
7524 0 16
7525 0 11
7526 1 15
7530 0 11
7531 1 18
7532 1 17
7533 1 50
7534 0 10
7536 1 13
7537 0 16
7539 0 9
7540 0 11
7541 1 10
7542 1 19
7543 0 9
7545 0 11
7546 1 18
7547 0 8
7548 1 8
7550 0 7
7551 0 18
7552 0 7
7553 0 17
7554 0 7
7555 0 17
7556 0 11
7558 0 8
7559 1 11
7560 0 10
7561 0 9
7562 0 29
7563 0 11
7564 1 15
7565 1 25
7566 1 15
7567 1 13
7568 0 9
7569 0 19
7570 0 10
7571 0 8
7572 0 11
7573 0 8
7574 0 8
7576 1 29
7577 0 6
7578 0 10
7579 0 9
7581 0 16
7582 0 12
7583 1 12
7584 0 10
7585 1 28
7586 0 8
7587 0 10
7588 0 12
7589 1 22
7590 1 22
7591 0 15
7592 0 7
7593 1 15
7594 0 7
7595 0 11
7596 0 17
7597 0 21
7598 1 13
7600 0 21
7601 0 9
7602 0 10
7603 0 11
7604 0 11
7605 1 7
7606 1 17
7608 0 18
7609 0 9
7610 0 15
7611 0 25
7613 0 18
7614 0 15
7616 0 11
7617 0 12
7618 1 16
7619 0 9
7620 1 14
7622 1 23
7623 1 11
7624 0 9
7625 0 7
7627 0 9
7628 0 12
7629 0 8
7631 0 8
7632 1 17
7633 1 15
7634 0 3
7636 1 18
7637 0 11
7638 0 12
7639 0 7
7640 0 7
7641 0 17
7642 0 10
7644 0 7
7645 1 6
7647 0 6
7648 1 10
7649 1 17
7650 0 21
7651 1 16
7652 0 9
7653 0 9
7654 0 10
7655 0 9
7656 0 5
7658 0 9
7659 0 6
7662 0 7
7663 0 10
7664 1 12
7665 0 11
7668 1 34
7670 0 11
7673 0 11
7675 0 6
7677 1 11
7678 0 16
7679 1 14
7681 0 13
7682 0 10
7683 0 22
7684 0 7
7687 1 7
7688 0 9
7689 0 9
7690 0 8
7691 0 19
7692 0 9
7693 0 10
7694 1 9
7695 1 14
7696 1 19
7697 0 7
7698 0 7
7699 0 11
7700 0 10
7701 0 3
7702 1 11
7703 0 17
7704 0 38
7705 0 3
7706 0 22
7707 0 28
7708 0 11
7709 0 11
7710 1 12
7711 1 16
7713 0 7
7714 0 9
7715 0 11
7716 0 11
7717 0 10
7718 1 24
7719 0 10
7721 0 5
7722 0 14
7723 0 3
7724 1 31
7725 0 11
7726 1 13
7727 1 54
7729 0 11
7730 1 13
7732 1 21
7734 1 19
7735 0 3
7736 0 11
7737 0 17
7738 0 10
7740 0 15
7741 1 24
7743 1 17
7745 0 32
7746 1 11
7747 0 9
7748 0 7
7749 1 23
7750 0 9
7751 1 29
7753 1 13
7754 0 6
7755 0 7
7756 1 16
7757 1 8
7758 0 7
7759 0 7
7760 0 25
7761 0 10
7762 1 11
7763 0 10
7764 1 22
7765 1 14
7767 0 42
7768 0 8
7769 1 15
7772 0 11
7773 1 17
7774 0 10
7775 1 24
7778 0 4
7779 0 9
7780 0 8
7781 0 10
7785 0 4
7786 1 9
7787 0 5
7788 0 8
7789 1 16
7790 0 13
7791 1 12
7792 0 9
7793 1 11
7794 0 11
7795 0 13
7799 0 11
7800 0 11
7801 1 10
7802 0 7
7803 1 30
7804 0 15
7805 1 11
7807 0 16
7808 1 17
7812 0 9
7814 0 10
7816 0 11
7817 0 11
7818 0 13
7820 0 11
7822 0 6
7823 0 9
7824 0 16
7825 1 15
7826 0 7
7827 0 3
7829 0 11
7830 0 6
7832 0 9
7833 0 12
7834 1 15
7835 0 9
7836 0 6
7837 1 16
7838 0 12
7840 0 11
7841 0 11
7843 0 18
7844 1 18
7845 1 31
7846 1 18
7847 0 11
7848 0 7
7850 0 7
7851 0 7
7852 0 9
7853 0 8
7854 0 3
7855 0 8
7856 0 8
7857 0 10
7858 0 10
7860 1 19
7864 1 18
7868 0 7
7871 0 18
7872 0 3
7874 1 13
7875 0 10
7876 0 35
7877 1 11
7879 0 15
7880 0 7
7881 0 6
7882 0 15
7883 1 14
7885 0 10
7886 0 9
7887 0 15
7890 0 3
7892 0 18
7894 1 12
7895 0 11
7896 1 16
7898 0 8
7899 1 12
7900 1 12
7902 0 4
7903 0 13
7904 0 17
7905 0 9
7906 1 13
7907 0 11
7908 1 13
7909 0 8
7910 1 22
7911 0 10
7912 0 9
7916 1 12
7917 0 17
7918 1 11
7919 0 9
7920 0 17
7921 0 6
7923 1 12
7924 0 11
7925 0 11
7926 0 9
7927 1 18
7928 1 20
7930 0 9
7931 0 11
7932 0 7
7935 0 10
7936 0 14
7937 1 18
7938 0 6
7940 0 11
7941 0 16
7942 1 47
7944 1 12
7946 0 9
7947 0 13
7948 1 12
7949 0 16
7950 0 15
7951 1 9
7952 0 11
7953 0 14
7954 1 13
7955 0 5
7956 0 3
7957 0 10
7959 0 10
7961 0 11
7963 0 11
7964 0 17
7965 0 11
7968 0 10
7969 0 17
7970 0 11
7973 0 20
7977 0 10
7978 1 19
7980 0 8
7981 1 17
7982 1 11
7984 0 6
7985 1 11
7986 0 8
7987 1 15
7988 0 11
7989 1 11
7990 0 10
7991 1 21
7992 1 21
7993 0 3
7994 1 11
7996 0 9
7998 0 4
7999 0 16
8001 0 9
8002 0 11
8003 0 3
8005 0 7
8006 0 7
8007 1 12
8008 1 28
8009 1 9
8010 0 10
8011 0 11
8012 0 5
8013 0 10
8015 1 21
8016 0 7
8018 0 9
8020 0 23
8021 0 8
8022 0 11
8024 1 22
8025 0 21
8026 1 16
8027 0 9
8028 0 11
8029 0 11
8030 1 10
8031 0 8
8032 0 16
8034 0 11
8035 0 9
8036 0 8
8037 1 12
8038 0 11
8039 1 16
8040 0 21
8041 0 8
8042 1 14
8043 1 12
8044 0 10
8045 0 9
8046 0 8
8047 0 17
8048 1 16
8050 0 11
8053 1 18
8054 1 13
8055 0 9
8056 0 9
8057 0 8
8058 0 17
8060 1 10
8061 0 9
8062 0 9
8063 0 13
8065 1 15
8066 0 10
8067 0 10
8070 0 7
8071 0 7
8072 0 7
8073 1 18
8075 0 16
8076 1 15
8077 0 9
8078 1 24
8079 0 9
8080 0 10
8082 1 23
8083 0 8
8084 1 13
8085 0 12
8086 0 3
8087 0 7
8088 1 12
8089 0 7
8090 0 24
8092 1 47
8093 1 16
8094 0 8
8095 0 10
8096 0 10
8097 1 11
8098 0 10
8099 0 7
8102 0 5
8104 1 20
8105 0 10
8106 0 4
8107 1 13
8108 0 11
8110 0 8
8111 1 21
8112 0 13
8113 0 3
8115 1 14
8116 0 6
8117 1 17
8118 1 8
8120 1 6
8122 0 4
8124 0 10
8126 0 8
8127 0 4
8129 0 5
8130 0 19
8131 0 14
8132 0 22
8133 1 12
8134 1 18
8135 0 10
8136 1 10
8137 0 8
8138 1 22
8139 1 17
8140 0 23
8143 0 24
8144 1 7
8146 0 6
8148 1 10
8149 0 3
8150 1 22
8151 0 16
8152 1 11
8153 0 8
8154 0 24
8155 0 11
8156 1 11
8157 0 9
8158 0 9
8159 1 7
8160 0 8
8161 0 10
8162 1 7
8164 1 29
8165 0 10
8166 0 9
8167 0 9
8169 1 7
8170 0 9
8171 0 13
8173 0 3
8174 1 11
8175 1 12
8176 1 12
8177 1 12
8178 0 16
8179 0 10
8181 0 17
8182 0 16
8183 0 31
8184 0 7
8186 1 50
8187 0 10
8188 0 9
8189 0 9
8190 0 13
8191 1 11
8192 0 19
8194 0 17
8195 0 7
8196 0 10
8198 0 3
8199 1 12
8200 0 6
8201 1 17
8202 1 13
8204 1 16
8205 1 18
8206 0 11
8207 1 19
8208 1 12
8209 0 11
8210 0 3
8213 0 7
8214 0 7
8215 0 9
8216 0 6
8217 0 11
8218 0 10
8219 0 7
8220 0 16
8221 0 11
8222 0 9
8223 0 11
8224 0 11
8225 0 3
8226 0 8
8227 0 32
8228 0 18
8229 1 35
8230 0 17
8233 0 10
8234 0 16
8235 0 16
8237 0 12
8238 0 8
8239 0 9
8242 0 8
8243 1 11
8244 0 9
8245 0 11
8246 0 9
8247 0 9
8248 0 7
8249 0 2
8250 1 16
8251 1 20
8252 1 16
8253 0 8
8254 1 22
8255 0 4
8256 1 17
8257 0 28
8258 1 12
8261 1 11
8262 0 7
8263 0 8
8264 0 14
8265 1 12
8266 0 16
8269 0 7
8270 0 9
8272 0 10
8274 1 28
8275 0 11
8277 0 10
8278 0 8
8279 1 11
8280 0 10
8282 0 10
8283 0 9
8284 0 7
8285 0 3
8286 0 16
8287 1 3
8289 0 9
8290 1 12
8291 1 19
8292 0 9
8293 0 9
8294 0 16
8295 0 11
8296 1 19
8298 0 9
8299 1 10
8300 0 7
8301 0 6
8304 0 8
8305 0 10
8306 0 10
8307 1 19
8308 1 23
8309 1 17
8313 0 1
8314 0 10
8315 1 15
8316 0 8
8317 0 11
8318 1 11
8320 0 6
8321 0 10
8323 1 12
8325 1 8
8327 1 40
8328 0 9
8329 0 10
8331 1 17
8332 0 10
8335 0 16
8336 0 13
8338 0 6
8339 0 8
8340 0 7
8341 0 13
8342 0 10
8345 0 13
8346 1 13
8348 0 7
8349 1 12
8350 1 17
8351 0 8
8352 0 6
8353 0 6
8355 0 10
8356 0 17
8357 1 14
8358 1 17
8359 1 18
8360 0 10
8361 0 3
8363 0 20
8364 0 12
8365 0 9
8366 1 16
8367 0 6
8369 0 13
8370 1 13
8371 0 35
8373 0 9
8374 0 7
8377 0 7
8380 0 41
8381 0 9
8382 1 39
8383 0 24
8385 0 13
8386 0 3
8387 0 18
8389 0 10
8390 1 12
8391 0 15
8394 0 9
8395 0 9
8396 0 11
8397 0 9
8398 1 21
8400 0 7
8401 0 17
8403 0 20
8404 0 16
8405 0 10
8407 0 8
8408 0 11
8409 0 16
8411 1 18
8412 1 17
8413 1 15
8414 0 5
8415 0 6
8416 0 9
8417 0 6
8418 1 21
8419 0 8
8421 1 17
8422 1 18
8423 1 14
8424 0 8
8425 1 16
8426 0 7
8427 0 7
8428 0 11
8429 0 4
8430 0 12
8431 1 18
8432 0 7
8435 1 16
8436 0 10
8437 0 9
8438 1 10
8439 1 16
8440 0 17
8443 1 12
8444 0 16
8447 0 3
8449 1 17
8451 0 13
8452 0 11
8453 0 19
8454 1 11
8455 0 7
8456 1 14
8458 1 12
8460 0 9
8461 0 4
8462 0 16
8463 1 16
8464 0 16
8466 1 22
8467 0 5
8468 0 10
8470 1 7
8472 0 14
8473 0 15
8474 0 3
8475 1 11
8476 0 17
8477 0 3
8478 0 6
8479 0 10
8480 0 11
8481 0 12
8482 0 11
8483 0 11
8485 0 7
8486 0 8
8487 0 10
8489 0 10
8491 0 16
8492 0 7
8494 0 3
8495 1 8
8496 1 11
8497 0 3
8499 0 8
8500 0 10
8501 0 10
8503 0 7
8504 1 14
8506 0 19
8507 0 9
8508 0 16
8509 0 9
8510 1 15
8511 0 10
8512 0 14
8513 0 8
8514 1 8
8515 1 23
8516 1 10
8517 0 7
8519 0 8
8520 0 4
8521 0 9
8523 0 5
8524 0 7
8525 0 2
8526 1 10
8527 0 8
8530 0 7
8531 0 10
8532 0 10
8533 0 7
8534 0 7
8535 0 8
8536 1 14
8537 0 13
8538 0 10
8539 0 10
8540 0 17
8541 0 11
8542 0 6
8544 1 12
8545 0 3
8547 0 9
8548 0 9
8549 0 22
8550 0 14
8551 0 15
8552 0 11
8553 0 14
8555 0 13
8556 1 11
8557 1 10
8558 0 13
8562 1 17
8563 0 10
8565 1 15
8567 0 12
8568 0 9
8569 0 40
8571 0 3
8572 1 11
8573 0 10
8574 0 16
8576 0 6
8577 0 18
8578 0 9
8581 1 16
8582 1 13
8583 1 11
8584 0 12
8585 0 8
8586 0 11
8588 0 11
8591 0 9
8592 0 10
8593 0 10
8595 0 3
8596 0 7
8597 0 9
8598 1 11
8601 0 9
8602 0 7
8603 0 10
8604 0 7
8606 1 13
8608 1 6
8610 1 24
8611 0 16
8612 1 9
8613 1 16
8614 0 4
8615 0 11
8617 0 5
8619 0 5
8620 0 19
8622 1 8
8623 1 11
8624 0 8
8625 1 15
8626 0 16
8628 0 7
8629 0 20
8630 0 7
8631 0 23
8632 0 8
8633 0 7
8634 0 25
8635 0 15
8636 0 11
8637 0 10
8641 0 15
8642 0 23
8643 0 15
8644 0 7
8645 1 11
8646 0 10
8647 0 11
8649 0 16
8650 0 8
8653 0 11
8654 0 10
8655 1 18
8657 0 8
