0001 0 6
0003 0 9
0004 0 11
0005 1 16
0006 1 23
0007 0 6
0008 1 14
0009 0 10
0010 0 14
0011 0 9
0013 1 17
0014 1 11
0015 0 10
0017 0 16
0018 1 9
0019 0 9
0020 0 9
0021 0 9
0022 0 7
0023 0 9
0024 0 8
0025 1 23
0027 0 10
0030 0 9
0031 0 35
0032 0 21
0034 0 10
0035 0 16
0036 0 3
0037 0 13
0039 1 11
0042 0 16
0043 0 11
0044 1 34
0045 1 9
0046 0 8
0047 1 18
0048 0 16
0049 0 9
0050 0 10
0051 0 11
0052 1 12
0053 0 10
0055 0 30
0058 0 9
0059 0 7
0060 0 8
0061 1 18
0062 0 10
0063 0 10
0065 1 14
0066 0 7
0067 0 11
0068 0 7
0070 0 7
0071 0 7
0072 0 11
0073 0 8
0074 0 8
0075 0 10
0076 0 20
0077 0 8
0078 1 20
0079 1 21
0080 0 10
0081 0 17
0082 0 19
0083 1 20
0084 0 15
0085 0 9
0086 0 8
0087 0 15
0088 1 11
0089 0 16
0090 0 22
0091 0 8
0092 0 14
0093 0 7
0094 0 15
0095 0 11
0096 0 9
0099 0 10
0100 0 5
0101 0 7
0102 0 17
0104 0 9
0107 0 7
0108 0 9
0109 0 17
0110 1 21
0111 0 16
0112 0 18
0113 0 3
0114 1 3
0115 1 28
0116 0 9
0117 0 16
0118 0 15
0119 0 8
0120 0 7
0121 0 3
0122 0 8
0123 0 10
0124 0 16
0125 0 7
0126 0 21
0127 0 7
0128 0 8
0129 1 18
0131 0 9
0132 0 10
0133 0 8
0135 0 10
0137 0 8
0139 0 9
0140 0 8
0141 0 8
0142 0 7
0143 1 16
0144 0 31
0145 1 23
0146 1 14
0147 1 11
0148 0 7
0149 0 8
0150 0 11
0152 1 16
0154 1 11
0155 0 7
0156 1 22
0157 0 7
0160 1 11
0162 0 7
0163 0 9
0164 1 10
0165 1 25
0166 0 16
0168 0 10
0169 1 9
0172 0 10
0173 0 14
0174 0 9
0176 0 4
0178 0 6
0179 0 9
0180 0 12
0181 0 3
0182 0 3
0184 1 12
0185 0 9
0186 0 2
0187 1 15
0188 0 10
0190 1 15
0192 0 5
0193 0 11
0194 0 6
0195 0 9
0196 0 9
0197 1 13
0198 0 8
0199 0 16
0200 1 14
0202 0 9
0203 0 12
0204 0 8
0205 1 16
0206 0 7
0207 0 5
0209 1 17
0210 1 11
0211 0 8
0212 0 7
0213 0 8
0214 1 13
0216 1 12
0217 0 14
0218 0 17
0219 0 11
0220 0 7
0221 0 8
0222 1 12
0223 0 5
0224 0 10
0225 1 21
0228 1 18
0233 0 9
0234 0 9
0236 0 10
0238 0 8
0239 0 7
0240 0 10
0241 1 17
0242 0 18
0243 0 6
0244 0 9
0246 0 9
0247 0 9
0248 1 21
0249 0 12
0250 0 3
0251 1 15
0253 0 11
0254 1 16
0255 0 8
0256 0 10
0258 0 10
0259 0 7
0261 0 10
0262 0 7
0263 1 11
0264 0 3
0265 0 10
0266 0 7
0267 0 12
0268 0 22
0269 0 8
0270 1 11
0271 0 10
0272 1 16
0274 0 9
0275 1 11
0276 1 23
0277 0 9
0278 0 6
0280 1 15
0281 1 14
0282 0 7
0283 0 8
0284 0 6
0285 0 6
0286 0 11
0287 0 4
0289 0 12
0291 0 6
0292 0 16
0293 0 9
0294 0 7
0295 0 9
0297 1 13
0298 0 11
0299 0 11
0300 0 10
0302 0 3
0303 0 10
0304 0 8
0305 0 9
0307 1 18
0308 0 7
0310 0 11
0311 1 19
0312 1 13
0313 0 12
0314 0 10
0315 1 23
0316 1 18
0317 0 9
0318 0 10
0321 0 10
0323 0 14
0324 0 9
0325 0 10
0326 0 7
0327 1 20
0328 0 15
0330 0 29
0331 0 11
0332 0 10
0333 0 10
0334 0 11
0335 0 9
0336 1 18
0337 1 15
0338 0 12
0339 0 16
0340 1 21
0342 0 8
0343 0 16
0345 0 6
0346 0 13
0349 0 8
0350 0 18
0351 0 22
0352 1 15
0355 0 11
0357 1 3
0358 1 12
0359 0 6
0362 0 7
0363 1 23
0364 1 9
0365 1 30
0366 0 8
0367 0 6
0368 0 5
0369 0 10
0370 0 10
0371 1 17
0372 1 32
0373 0 7
0375 0 19
0376 1 13
0378 1 25
0380 0 27
0382 0 10
0383 0 7
0385 0 10
0386 0 11
0387 0 8
0388 0 9
0389 1 22
0390 0 7
0391 0 12
0392 0 8
0393 0 36
0394 0 9
0395 0 9
0396 0 8
0397 1 10
0398 1 17
0399 0 51
0400 0 9
0401 1 8
0403 0 7
0404 1 13
0405 0 10
0408 0 9
0409 0 9
0411 0 10
0413 0 9
0414 1 11
0415 0 11
0416 0 14
0417 0 18
0418 0 13
0419 0 23
0420 0 9
0421 0 10
0422 0 7
0423 1 11
0424 0 17
0425 0 7
0426 0 15
0427 1 11
0429 0 10
0430 0 8
0431 1 26
0432 0 13
0435 1 12
0436 1 7
0437 0 10
0438 0 3
0439 0 11
0440 1 13
0441 0 9
0442 0 36
0443 0 9
0444 1 12
0446 0 9
0449 1 16
0450 1 30
0451 0 11
0452 1 17
0453 1 15
0454 0 8
0455 0 14
0457 0 7
0458 1 11
0459 1 22
0460 0 10
0461 0 46
0462 1 16
0463 0 14
0464 0 11
0465 1 16
0466 0 8
0468 1 11
0469 0 10
0470 0 7
0471 0 10
0472 1 22
0473 0 6
0474 1 17
0475 0 6
0476 0 8
0478 0 16
0479 0 10
0480 0 5
0481 0 9
0482 0 8
0483 0 11
0486 0 11
0488 0 15
0489 1 21
0490 0 7
0491 0 10
0492 1 14
0493 0 21
0494 0 4
0496 0 11
0498 1 15
0499 0 9
0500 0 17
0501 0 8
0503 0 6
0504 0 9
0505 0 9
0506 1 12
0507 0 11
0510 0 11
0511 0 11
0512 0 15
0513 0 24
0514 1 10
0515 1 11
0517 1 11
0518 0 8
0519 0 9
0521 0 10
0522 0 7
0523 0 11
0526 0 9
0529 0 19
0530 0 7
0531 1 11
0532 0 4
0533 0 10
0536 0 10
0537 0 8
0538 1 17
0539 1 23
0540 0 7
0542 0 10
0543 0 10
0544 0 7
0545 1 20
0546 0 12
0548 0 7
0549 0 9
0550 0 11
0551 1 18
0553 1 13
0554 0 9
0555 1 15
0556 1 14
0558 0 7
0559 0 7
0560 0 7
0561 0 8
0562 0 7
0563 0 7
0564 1 13
0565 0 7
0566 0 2
0567 0 11
0568 0 8
0569 1 6
0572 0 11
0573 1 15
0574 0 10
0575 0 28
0576 0 9
0577 0 10
0578 0 11
0579 0 6
0580 0 9
0581 1 23
0582 0 7
0583 1 23
0584 0 14
0585 0 8
0586 1 22
0587 0 7
0588 0 4
0589 0 11
0590 0 23
0591 0 23
0593 0 6
0594 1 11
0595 1 11
0598 0 14
0600 1 11
0601 1 11
0602 0 6
0603 0 8
0604 0 7
0605 0 4
0607 0 26
0608 0 7
0609 0 5
0610 0 10
0611 0 22
0612 1 8
0614 1 10
0615 0 9
0616 0 10
0617 1 4
0618 1 13
0619 0 10
0620 0 3
0621 0 9
0622 0 9
0623 0 7
0624 1 17
0626 0 11
0627 0 7
0628 1 11
0629 0 10
0630 0 3
0631 0 13
0632 1 15
0633 0 16
0635 0 8
0637 0 5
0638 0 4
0639 1 16
0640 1 12
0641 1 16
0642 1 15
0644 0 7
0646 1 6
0647 0 11
0648 0 11
0649 0 13
0650 0 9
0651 0 11
0654 0 9
0655 1 13
0656 1 12
0657 1 13
0658 1 15
0659 0 8
0660 0 9
0661 1 17
0664 0 19
0666 0 10
0667 0 14
0668 1 15
0669 0 10
0670 1 11
0671 0 11
0673 0 11
0674 0 10
0678 1 10
0679 0 3
0680 0 10
0682 1 17
0683 0 9
0684 0 8
0685 0 15
0686 0 10
0687 1 22
0688 0 6
0689 0 10
0690 1 16
0691 0 11
0692 0 10
0694 1 18
0695 1 18
0696 1 11
0698 0 9
0699 0 15
0700 0 17
0701 1 22
0702 1 11
0703 0 6
0704 0 10
0706 0 3
0707 0 9
0712 0 13
0713 1 13
0715 1 41
0718 0 8
0719 0 14
0720 0 8
0721 1 19
0722 0 8
0723 0 3
0725 1 32
0726 0 7
0729 1 8
0730 0 7
0731 1 7
0732 0 9
0733 0 8
0734 0 3
0735 0 7
0737 1 10
0738 0 8
0739 1 19
0741 1 20
0742 0 7
0743 0 16
0744 0 8
0745 1 22
0746 0 8
0748 1 20
0749 0 9
0750 1 17
0751 0 10
0752 0 7
0754 0 10
0756 0 14
0757 1 11
0759 0 29
0760 0 9
0761 0 21
0762 0 7
0763 1 13
0764 0 9
0765 0 4
0766 0 16
0767 1 20
0768 0 14
0769 0 8
0770 1 14
0771 1 13
0773 0 8
0774 0 18
0775 0 16
0777 0 10
0778 0 11
0779 0 23
0780 0 10
0781 0 9
0782 0 7
0784 0 16
0785 1 18
0787 0 7
0788 0 10
0789 0 12
0792 0 13
0794 0 11
0795 0 16
0796 0 3
0798 1 19
0800 1 24
0801 0 6
0802 0 22
0803 0 7
0804 1 11
0805 1 14
0806 0 21
0810 0 3
0812 1 20
0814 1 28
0815 1 23
0816 1 15
0817 0 9
0819 0 11
0820 1 15
0823 0 11
0827 1 12
0829 0 16
0831 0 8
0834 0 11
0835 1 17
0836 0 14
0837 0 11
0838 0 14
0839 1 15
0840 0 7
0842 0 13
0843 1 11
0845 0 13
0847 0 7
0848 0 16
0849 1 12
0851 0 8
0852 0 10
0853 0 18
0855 0 36
0856 1 10
0858 0 16
0859 0 8
0860 1 22
0861 0 23
0862 1 16
0864 1 11
0865 0 8
0866 0 12
0867 0 22
0869 0 8
0872 0 3
0873 1 17
0874 1 19
0876 0 8
0878 0 3
0879 0 4
0880 1 25
0881 0 7
0882 0 8
0883 1 23
0884 0 5
0886 0 7
0887 0 6
0888 0 15
0889 0 16
0890 0 11
0891 0 10
0892 0 2
0893 0 15
0894 0 10
0895 1 14
0896 0 15
0897 0 9
0899 0 9
0900 0 11
0901 0 20
0902 0 7
0903 0 9
0904 0 19
0905 0 8
0906 1 14
0909 1 16
0910 0 8
0911 1 11
0912 0 24
0913 1 11
0914 0 8
0915 1 9
0916 1 33
0917 0 11
0918 0 11
0919 0 13
0920 0 16
0921 1 14
0922 1 28
0924 1 19
0925 1 14
0926 0 11
0927 0 7
0929 1 23
0930 0 10
0931 1 23
0932 0 7
0933 1 11
0934 0 5
0935 0 8
0937 0 8
0938 0 8
0940 0 19
0941 0 7
0942 1 12
0943 1 18
0944 0 12
0945 0 7
0946 1 13
0948 0 8
0950 0 8
0951 1 18
0952 0 9
0953 1 14
0954 1 29
0955 0 20
0957 0 19
0958 1 12
0959 0 8
0961 0 10
0962 1 16
0963 0 17
0964 0 10
0965 1 17
0966 0 11
0967 0 9
0968 0 7
0969 0 11
0970 0 10
0971 1 20
0972 1 14
0973 0 11
0974 0 10
0975 0 10
0977 0 10
0978 1 13
0979 0 11
0980 0 10
0982 1 24
0983 1 14
0984 0 11
0985 0 9
0987 0 9
0988 0 7
0989 0 16
0990 0 11
0991 0 23
0993 0 9
0994 0 10
0995 0 10
0997 0 9
0998 0 11
1001 1 11
1002 0 3
1004 0 11
1006 0 11
1008 0 10
1009 0 7
1010 0 9
1011 0 9
1012 0 9
1013 0 13
1014 1 10
1016 0 20
1018 1 11
1019 0 7
1020 0 8
1021 0 14
1024 0 8
1025 1 18
1027 0 8
1028 0 9
1029 0 11
1030 1 13
1031 0 24
1032 0 25
1033 1 23
1034 0 7
1036 1 13
1037 0 11
1038 0 9
1039 0 11
1040 1 15
1042 0 9
1045 0 9
1049 1 21
1050 1 17
1052 0 10
1054 0 22
1055 0 11
1056 0 8
1057 0 3
1059 0 13
1060 0 14
1061 1 28
1062 0 6
1063 0 8
1066 0 9
1067 0 11
1069 0 11
1070 0 15
1071 0 9
1072 0 15
1073 1 16
1075 0 14
1076 0 11
1078 1 31
1079 0 10
1080 0 8
1082 1 14
1083 0 11
1085 0 7
1086 0 13
1087 0 11
1088 1 13
1089 0 17
1090 0 15
1091 0 9
1092 0 11
1093 0 7
1095 0 14
1096 0 11
1097 1 17
1098 1 18
1099 0 9
1100 1 11
1101 1 12
1103 1 12
1104 1 13
1105 0 7
1106 1 10
1107 0 10
1108 0 7
1109 1 18
1110 1 17
1111 1 11
1112 0 3
1113 0 10
1115 1 9
1117 1 16
1118 0 6
1119 0 8
1120 1 12
1121 0 13
1122 1 10
1124 1 13
1126 0 10
1127 0 11
1129 0 16
1130 0 8
1131 0 9
1132 0 14
1134 1 17
1135 0 9
1136 0 16
1138 0 7
1139 0 26
1140 0 4
1141 0 7
1142 0 10
1143 0 7
1145 0 8
1148 0 9
1149 0 11
1150 0 9
1151 1 12
1152 0 10
1153 1 14
1154 0 16
1156 0 11
1158 0 9
1159 0 21
1160 0 7
1161 0 8
1162 1 16
1163 0 10
1164 0 22
1165 1 9
1166 0 8
1167 0 8
1168 0 11
1170 0 8
1172 0 17
1173 1 13
1175 1 15
1176 1 13
1177 0 7
1179 0 8
1181 0 7
1182 0 11
1183 0 7
1184 1 16
1185 0 11
1186 1 13
1187 0 8
1188 0 7
1189 0 11
1190 0 9
1191 0 15
1192 0 12
1193 0 11
1194 0 8
1196 0 16
1197 0 14
1198 0 6
1199 1 13
1200 0 11
1201 0 10
1203 0 7
1204 1 23
1205 0 11
1206 0 10
1207 1 12
1208 0 15
1209 0 8
1210 0 27
1211 0 7
1212 0 6
1213 1 22
1215 0 10
1216 0 9
1217 1 7
1218 1 7
1220 1 13
1221 0 11
1222 0 10
1223 0 6
1227 0 9
1228 1 13
1229 0 9
1230 0 10
1231 0 11
1232 0 9
1233 0 8
1234 0 16
1235 0 13
1236 0 11
1237 0 9
1238 0 16
1240 0 8
1241 0 10
1243 1 13
1244 0 8
1245 0 7
1246 1 31
1247 1 14
1249 0 8
1250 0 18
1251 0 13
1253 0 7
1254 0 9
1255 0 10
1257 0 9
1258 0 9
1259 1 17
1260 0 10
1261 0 49
1263 0 16
1264 1 11
1266 0 9
1267 0 9
1268 0 8
1269 0 3
1271 0 8
1272 0 10
1273 0 11
1274 0 12
1275 1 13
1276 0 9
1279 0 10
1281 0 12
1283 0 7
1284 0 5
1285 0 18
1286 0 9
1287 0 51
1288 1 14
1290 0 8
1291 0 9
1293 1 14
1294 1 11
1295 1 18
1296 0 9
1297 1 16
1298 0 15
1300 0 6
1301 0 10
1302 0 8
1303 0 8
1304 0 11
1305 0 16
1306 0 7
1307 0 11
1309 0 12
1310 0 6
1312 0 11
1313 1 16
1314 1 14
1315 0 16
1316 0 9
1317 0 7
1318 0 9
1319 0 6
1320 0 9
1322 0 11
1323 0 8
1324 0 10
1325 0 16
1326 0 7
1327 0 10
1329 1 13
1332 0 4
1333 1 14
1334 0 12
1337 0 16
1341 0 19
1342 0 9
1343 0 9
1344 0 15
1345 1 10
1346 0 10
1347 0 7
1348 0 26
1349 1 12
1350 0 11
1351 1 18
1352 1 11
1353 0 16
1355 1 21
1356 0 9
1357 0 9
1360 0 8
1361 0 5
1362 1 17
1363 0 50
1364 0 12
1365 1 10
1367 1 38
1368 0 7
1369 1 15
1370 0 10
1371 0 7
1372 0 11
1373 0 10
1374 1 19
1376 0 15
1377 0 24
1378 0 4
1379 1 19
1380 1 10
1381 0 13
1383 0 10
1384 0 11
1385 1 13
1387 0 14
1388 0 13
1389 0 7
1390 0 4
1391 1 12
1393 0 10
1394 0 4
1395 0 10
1397 0 7
1399 0 7
1400 0 10
1402 0 7
1403 1 23
1405 0 9
1406 1 16
1408 0 18
1409 0 10
1410 0 22
1411 0 11
1413 0 9
1414 0 9
1415 0 10
1417 1 13
1418 0 8
1420 0 9
1423 1 17
1425 0 12
1426 0 8
1427 0 8
1428 0 7
1429 0 11
1431 0 7
1433 0 9
1435 0 11
1436 0 16
1437 0 10
1438 1 23
1439 0 9
1440 0 11
1441 0 7
1442 0 7
1443 0 11
1447 1 9
1448 0 10
1450 1 15
1451 1 11
1452 0 11
1456 0 11
1457 0 13
1458 0 3
1459 1 21
1460 0 11
1461 0 8
1462 0 11
1463 0 9
1464 0 8
1466 0 11
1467 0 7
1469 0 22
1470 0 8
1472 0 7
1473 0 11
1474 1 12
1475 1 17
1476 0 13
1477 0 21
1478 0 10
1479 0 9
1481 0 9
1482 0 6
1483 1 10
1484 1 13
1485 0 10
1486 1 19
1487 0 11
1488 0 4
1489 1 19
1490 0 6
1491 0 8
1493 0 25
1494 0 10
1495 0 10
1497 1 16
1498 0 12
1499 0 8
1500 1 9
1501 0 9
1502 0 7
1504 0 10
1505 1 20
1506 0 13
1509 0 11
1511 1 14
1512 0 24
1513 0 7
1514 0 7
1515 0 8
1516 0 9
1517 1 14
1518 0 17
1519 0 9
1520 0 13
1521 0 10
1522 0 3
1523 0 10
1524 0 11
1525 1 47
1526 0 8
1527 0 7
1528 0 11
1530 0 11
1531 0 16
1533 0 11
1534 1 24
1535 0 3
1536 1 19
1538 0 3
1540 0 7
1541 0 8
1542 0 16
1543 0 11
1545 0 9
1546 1 25
1547 1 11
1549 0 16
1550 0 12
1552 0 9
1553 0 2
1554 0 7
1555 0 3
1556 0 11
1557 0 16
1559 0 4
1564 0 11
1565 1 16
1566 0 11
1567 0 7
1568 1 30
1569 0 9
1570 0 11
1571 0 4
1572 0 9
1573 0 11
1575 0 12
1580 0 54
1581 1 19
1582 0 3
1583 1 16
1584 0 31
1586 0 11
1587 1 12
1588 0 3
1589 0 9
1590 0 3
1591 0 10
1592 0 29
1593 0 6
1594 0 10
1595 0 16
1596 1 22
1597 0 16
1598 0 10
1599 0 11
1600 0 7
1601 0 7
1602 0 18
1603 0 10
1604 0 7
1605 0 18
1606 1 20
1608 0 17
1609 0 10
1611 0 7
1612 0 16
1614 0 20
1615 0 10
1616 0 9
1618 0 7
1619 0 8
1622 0 19
1623 0 20
1624 0 13
1626 0 13
1628 0 8
1629 0 18
1630 0 11
1631 1 11
1633 0 8
1634 1 33
1635 0 8
1636 0 10
1637 0 16
1638 0 3
1639 1 19
1640 0 19
1641 1 16
1642 0 16
1643 0 24
1644 1 10
1645 0 17
1646 1 11
1647 0 11
1648 0 10
1649 0 7
1650 0 29
1651 0 7
1652 0 7
1653 0 17
1655 0 8
1656 0 8
1657 0 10
1658 0 17
1659 0 9
1660 0 7
1661 0 8
1662 1 11
1664 0 10
1665 0 9
1667 1 12
1668 0 9
1669 1 14
1670 0 8
1671 0 10
1672 0 16
1676 0 8
1677 0 7
1679 0 8
1680 0 10
1681 0 11
1682 1 11
1683 0 4
1684 0 23
1685 0 10
1686 0 13
1687 0 9
1688 1 11
1689 1 11
1690 0 8
1691 1 16
1692 1 16
1693 1 7
1694 0 8
1695 1 16
1696 1 11
1697 0 16
1698 0 9
1699 1 16
1700 1 20
1701 0 8
1702 1 16
1703 0 10
1705 0 8
1706 1 11
1708 0 17
1709 0 10
1710 0 8
1711 1 31
1712 0 8
1713 1 12
1714 1 17
1715 0 5
1716 1 11
1717 0 16
1718 0 16
1719 0 11
1720 1 29
1721 0 16
1722 0 8
1723 1 18
1724 0 9
1726 0 8
1727 1 12
1728 0 11
1729 0 11
1730 0 16
1731 0 8
1733 0 8
1734 0 10
1735 0 11
1736 0 33
1737 0 16
1738 1 36
1739 0 10
1740 0 10
1741 0 9
1742 0 9
1743 0 13
1744 0 7
1746 0 13
1747 0 9
1748 0 7
1749 0 11
1750 1 17
1751 1 17
1752 0 10
1753 0 12
1754 1 25
1755 0 9
1756 1 25
1757 0 10
1758 0 10
1760 0 15
1761 0 10
1762 0 9
1763 0 7
1764 0 10
1765 1 12
1768 0 11
1770 0 7
1771 0 10
1773 0 7
1775 0 9
1776 1 11
1777 0 8
1778 1 11
1779 1 16
1781 1 16
1782 0 9
1783 1 15
1784 0 9
1786 0 4
1787 0 9
1788 1 16
1789 0 11
1790 0 7
1791 0 17
1792 1 20
1793 0 24
1794 0 16
1796 1 18
1798 0 11
1799 1 28
1800 1 15
1801 0 3
1802 1 14
1803 0 6
1804 0 10
1805 1 16
1806 0 7
1807 0 9
1808 0 11
1810 0 20
1811 1 16
1812 0 26
1813 0 9
1814 0 4
1815 0 14
1816 0 6
1817 0 7
1818 0 6
1819 1 14
1820 0 7
1823 0 11
1824 0 10
1825 0 10
1826 0 15
1827 0 11
1828 1 6
1829 1 13
1830 0 8
1831 0 9
1832 0 15
1834 1 12
1835 0 4
1836 0 6
1837 1 11
1839 1 11
1840 0 8
1841 1 17
1842 0 11
1844 0 10
1846 0 9
1847 0 9
1849 0 11
1850 0 10
1851 0 10
1853 0 23
1854 0 16
1855 0 4
1856 0 7
1857 0 8
1859 0 10
1860 0 7
1861 0 11
1862 0 10
1863 0 10
1864 0 10
1865 0 29
1866 0 22
1867 0 10
1868 1 22
1869 0 31
1871 0 10
1872 1 18
1873 0 11
1874 0 9
1876 1 18
1877 1 13
1878 0 10
1879 0 8
1881 0 13
1883 1 16
1884 0 7
1885 0 10
1887 1 13
1888 0 11
1890 1 22
1891 0 8
1892 1 16
1894 1 11
1895 0 7
1896 1 10
1897 0 11
1899 1 39
1900 0 8
1901 0 7
1902 0 10
1903 0 11
1904 0 15
1905 0 6
1906 0 6
1907 0 8
1908 0 37
1909 1 15
1910 1 28
1912 0 9
1914 1 17
1916 0 7
1917 1 13
1919 0 9
1920 0 20
1921 0 8
1922 0 9
1923 0 7
1924 0 7
1925 0 3
1926 1 8
1927 0 8
1929 1 17
1931 0 10
1932 1 14
1933 0 9
1934 1 37
1935 0 4
1936 0 17
1937 0 8
1939 0 10
1940 1 25
1941 1 23
1942 0 10
1943 0 19
1944 1 12
1946 0 11
1947 1 4
1948 0 8
1951 1 17
1952 0 9
1953 0 13
1954 0 2
1955 0 16
1956 0 8
1957 1 14
1958 0 8
1959 1 19
1960 0 11
1961 0 10
1963 1 25
1965 0 15
1966 1 9
1967 1 15
1968 0 11
1969 0 11
1970 0 7
1971 1 11
1972 0 9
1973 0 8
1974 0 12
1975 0 7
1976 0 34
1977 0 15
1978 1 11
1979 1 20
1980 1 20
1981 0 11
1982 0 3
1983 0 10
1984 1 11
1985 1 26
1987 0 8
1988 0 8
1989 0 3
1991 0 15
1992 0 9
1993 0 8
1994 0 11
1995 0 8
1996 0 11
1997 0 11
1999 0 17
2000 0 10
2001 0 10
2005 0 8
2007 1 15
2008 1 13
2009 0 8
2010 0 9
2013 0 8
2014 0 26
2016 0 8
2023 0 11
2024 0 10
2025 0 7
2026 0 9
2027 0 14
2028 0 13
2029 0 7
2030 0 10
2031 0 3
2032 0 15
2033 0 10
2034 0 4
2035 1 15
2036 0 11
2037 0 11
2038 0 6
2039 0 15
2040 1 23
2041 0 16
2042 0 6
2043 0 11
2044 0 7
2046 0 15
2047 0 9
2048 0 7
2049 0 9
2050 0 7
2051 0 4
2052 1 13
2053 0 10
2055 0 11
2056 0 9
2057 0 12
2059 0 16
2060 0 9
2061 0 7
2063 0 8
2064 0 7
2065 0 7
2067 1 12
2068 0 8
2069 0 10
2070 0 8
2071 0 8
2072 0 9
2073 1 15
2075 0 10
2076 1 46
2078 1 13
2081 1 23
2082 0 10
2083 0 7
2084 0 9
2085 0 7
2086 0 7
2087 0 18
2088 0 7
2089 1 11
2091 0 11
2093 0 10
2094 1 17
2095 0 11
2096 1 11
2097 0 7
2098 1 15
2099 0 7
2101 0 11
2102 0 19
2103 1 15
2105 0 8
2106 0 11
2107 1 14
2108 1 16
2111 0 10
2112 0 10
2114 0 13
2115 0 12
2116 0 22
2117 0 8
2118 1 13
2119 1 16
2120 0 11
2121 0 19
2122 0 17
2123 0 22
2124 0 7
2125 0 9
2126 0 9
2127 1 11
2128 1 12
2129 1 17
2130 0 8
2131 1 21
2134 0 8
2136 0 12
2138 0 11
2139 0 11
2141 0 9
2142 0 15
2143 0 8
2144 0 34
2145 0 21
2146 0 8
2149 0 11
2150 1 15
2151 0 10
2152 0 10
2153 0 15
2154 0 24
2155 0 3
2156 0 11
2157 0 3
2158 1 15
2160 1 16
2161 1 22
2163 0 10
2164 0 9
2165 1 18
2166 0 3
2168 0 4
2170 1 8
2171 0 11
2173 1 16
2175 1 12
2176 1 29
2177 0 9
2178 1 11
2179 1 15
2180 0 2
2181 1 12
2183 0 28
2184 0 7
2185 0 11
2187 0 3
2189 0 14
2191 1 12
2192 1 33
2193 0 9
2194 0 8
2196 0 16
2197 0 10
2200 1 16
2201 1 14
2203 0 10
2204 0 8
2207 1 7
2209 0 7
2210 1 15
2211 0 7
2212 0 11
2213 1 17
2214 0 10
2215 0 11
2216 0 10
2217 0 9
2218 0 3
2219 0 9
2221 0 12
2223 0 11
2225 1 22
2226 1 12
2227 0 10
2230 1 12
2231 0 3
2232 1 17
2233 0 7
2234 0 10
2235 0 13
2237 1 18
2238 0 23
2239 0 7
2240 0 11
2241 0 6
2242 0 10
2243 0 14
2244 0 9
2247 1 6
2249 0 10
2250 0 11
2252 0 8
2254 1 11
2255 0 9
2256 1 19
2257 0 9
2258 0 15
2259 0 26
2260 0 7
2261 0 8
2265 1 44
2266 0 16
2267 1 10
2268 0 7
2269 0 6
2270 0 7
2271 0 8
2272 0 8
2273 1 15
2274 0 9
2275 0 9
2277 0 11
2278 0 17
2279 1 22
2280 0 6
2281 0 10
2282 0 39
2284 0 5
2285 0 11
2286 0 16
2287 0 8
2288 0 10
2289 0 8
2290 0 8
2291 1 12
2292 0 21
2293 0 8
2294 0 8
2295 0 11
2296 1 14
2297 0 10
2301 0 16
2302 0 11
2303 1 12
2304 0 7
2305 0 8
2306 1 24
2307 0 8
2308 0 12
2309 1 12
2310 0 7
2313 1 11
2315 0 9
2316 0 8
2317 1 28
2318 0 8
2319 0 7
2320 0 4
2322 0 9
2323 0 10
2324 0 9
2325 0 20
2326 0 29
2329 0 11
2330 0 9
2331 0 7
2332 0 16
2333 0 11
2334 1 20
2335 1 43
2339 0 7
2340 0 8
2341 0 9
2342 0 22
2343 0 8
2344 0 11
2346 1 16
2347 1 16
2348 0 8
2349 0 16
2350 0 8
2351 0 7
2352 0 7
2353 0 3
2354 0 8
2355 1 29
2356 1 15
2357 1 13
2358 1 15
2359 0 6
2361 0 10
2362 0 9
2363 1 19
2364 0 11
2365 0 9
2366 0 9
2367 0 14
2369 0 6
2371 0 16
2373 0 8
2374 0 15
2375 0 10
2377 0 9
2378 0 2
2379 0 15
2380 0 9
2381 1 11
2382 1 14
2383 0 11
2384 1 16
2385 0 32
2386 0 10
2388 1 14
2389 1 17
2390 0 17
2391 0 11
2392 0 10
2394 0 6
2395 0 12
2396 1 34
2397 0 8
2398 0 9
2399 0 7
2400 1 7
2402 0 10
2403 0 9
2404 0 8
2405 1 12
2406 1 29
2407 0 9
2408 0 10
2409 0 6
2410 0 5
2411 1 12
2413 1 24
2414 0 8
2415 0 6
2416 0 10
2417 1 21
2418 0 16
2419 0 9
2420 0 12
2421 1 17
2423 1 8
2425 1 42
2427 0 13
2428 0 9
2429 0 21
2430 0 10
2431 0 16
2432 0 16
2433 0 6
2434 0 12
2435 0 9
2436 1 7
2437 0 15
2438 0 11
2439 0 10
2441 0 8
2442 0 16
2443 0 10
2444 0 8
2445 0 7
2447 0 9
2448 0 11
2449 1 19
2450 0 8
2452 1 6
2453 0 4
2454 0 11
2455 1 24
2456 0 14
2457 0 7
2458 0 9
2459 1 13
2460 0 9
2461 0 8
2462 0 10
2464 0 16
2465 1 10
2466 0 23
2467 0 7
2469 1 18
2470 0 16
2471 0 11
2474 0 9
2475 0 7
2476 1 16
2477 0 9
2478 0 10
2479 0 10
2480 1 13
2481 0 21
2482 0 6
2485 0 6
2486 0 18
2487 0 8
2488 0 10
2489 0 9
2492 1 13
2493 0 9
2494 1 11
2495 1 18
2496 0 7
2497 1 15
2498 0 49
2499 1 31
2501 0 11
2502 0 8
2504 0 3
2505 1 13
2506 1 13
2507 0 11
2508 0 8
2510 1 17
2512 1 11
2513 1 15
2514 0 18
2516 0 8
2517 1 16
2518 0 8
2522 0 3
2523 1 11
2526 0 15
2527 1 12
2528 0 8
2529 0 8
2533 0 18
2534 0 7
2537 0 4
2538 0 16
2539 0 11
2540 1 11
2541 0 16
2542 0 13
2544 1 13
2545 1 11
2546 0 14
2547 0 8
2548 0 9
2550 0 8
2551 0 8
2552 0 6
2554 0 9
2555 1 7
2556 0 7
2557 0 23
2558 0 7
2559 0 10
2560 0 8
2562 1 12
2563 1 10
2564 0 3
2565 0 8
2566 1 11
2567 0 16
2568 0 17
2571 0 8
2572 0 12
2573 0 10
2574 0 10
2575 0 8
2576 1 16
2577 0 9
2578 0 4
2579 0 12
2580 0 7
2581 1 7
2582 0 7
2583 0 7
2585 0 16
2586 1 21
2587 0 10
2588 0 11
2589 0 31
2590 1 14
2591 0 28
2592 1 21
2594 0 7
2595 0 17
2597 1 21
2598 1 26
2599 1 11
2600 0 18
2601 0 8
2603 0 8
2605 1 36
2606 1 10
2607 0 17
2608 1 5
2610 1 11
2611 1 23
2613 1 16
2614 0 3
2615 1 11
2616 1 12
2617 0 12
2618 0 16
2620 0 14
2621 0 16
2622 1 29
2623 1 17
2624 0 10
2625 0 9
2627 1 23
2628 0 9
2629 0 10
2630 1 16
2632 0 23
2633 0 24
2634 1 19
2635 0 10
2636 0 21
2637 0 8
2639 0 10
2640 0 8
2642 0 8
2643 0 11
2644 1 11
2645 0 22
2646 0 7
2647 0 16
2648 0 13
2649 0 8
2650 0 11
2651 0 9
2653 0 7
2654 0 18
2655 0 3
2657 0 8
2658 1 18
2660 0 17
2661 0 10
2662 0 11
2663 0 10
2664 1 11
2665 1 8
2666 0 6
2667 1 12
2668 0 3
2670 0 7
2671 1 19
2672 0 11
2673 0 22
2674 1 17
2675 0 15
2676 1 20
2677 0 15
2678 0 7
2679 0 16
2680 1 12
2681 0 8
2683 0 6
2684 1 31
2685 0 7
2686 0 7
2687 0 5
2689 0 9
2691 0 7
2693 0 22
2694 0 8
2695 1 19
2697 1 12
2698 0 16
2699 0 6
2700 0 15
2701 0 11
2703 1 16
2705 0 8
2707 0 9
2709 1 14
2710 1 12
2711 0 13
2713 1 12
2715 0 10
2717 1 16
2718 0 8
2719 0 6
2720 1 12
2721 0 3
2723 1 22
2724 0 5
2726 0 8
2727 0 7
2728 0 10
2729 1 17
2730 1 12
2731 0 3
2732 0 11
2733 1 10
2734 0 7
2735 0 6
2736 1 17
2737 0 22
2738 0 8
2739 0 7
2740 0 10
2741 0 16
2742 1 13
2743 1 17
2744 1 3
2745 0 26
2747 1 10
2748 0 11
2749 0 6
2751 0 10
2752 1 15
2753 0 10
2754 0 10
2755 0 9
2756 0 10
2758 0 8
2759 0 9
2760 0 14
2762 0 9
2763 0 12
2764 1 12
2765 1 16
2766 1 12
2767 1 18
2768 0 9
2769 0 16
2770 0 9
2771 1 11
2772 1 16
2773 1 11
2774 1 14
2775 0 10
2776 1 17
2777 0 7
2778 0 10
2779 0 11
2780 1 32
2783 0 16
2784 1 17
2785 0 47
2787 1 24
2788 0 13
2789 0 6
2790 1 13
2791 0 3
2792 0 3
2793 0 9
2794 0 10
2795 0 7
2796 0 5
2797 0 7
2799 0 9
2801 1 11
2802 0 10
2803 0 24
2805 0 17
2810 1 19
2811 0 7
2814 0 8
2816 0 6
2818 0 10
2819 0 9
2820 1 26
2821 1 12
2824 1 12
2825 1 11
2826 0 10
2827 1 17
2828 0 11
2829 0 11
2830 0 9
2832 0 11
2833 1 14
2834 0 11
2835 0 9
2836 0 17
2839 0 12
2840 0 12
2841 0 14
2842 1 24
2844 0 8
2845 0 11
2846 1 13
2848 0 15
2849 0 8
2851 0 4
2852 1 12
2853 0 9
2854 1 15
2855 1 23
2857 0 10
2858 0 16
2859 0 11
2860 0 12
2861 0 10
2863 0 6
2865 1 16
2866 0 7
2867 0 15
2868 0 13
2869 0 7
2870 0 8
2875 0 9
2876 0 12
2877 0 17
2878 1 21
2879 0 5
2880 1 15
2882 0 10
2883 0 11
2884 0 16
2885 1 29
2886 0 7
2887 1 40
2888 1 3
2889 0 8
2890 0 10
2892 0 9
2893 0 9
2894 0 8
2895 1 20
2897 1 23
2898 1 15
2899 0 6
2901 0 9
2904 1 15
2905 0 10
2906 0 9
2907 0 15
2908 0 7
2909 0 8
2910 0 15
2911 0 6
2913 0 20
2915 0 21
2916 1 11
2917 1 11
2918 0 15
2920 0 9
2921 0 44
2922 0 8
2923 0 26
2924 0 6
2925 0 13
2926 0 9
2928 1 19
2929 0 8
2930 1 14
2932 0 11
2933 0 11
2935 0 24
2936 0 10
2937 0 9
2938 0 3
2939 1 16
2940 0 23
2941 1 16
2942 1 20
2943 0 7
2945 1 12
2947 1 14
2948 0 8
2950 0 11
2951 0 12
2952 1 16
2953 1 13
2954 0 11
2955 0 17
2956 1 23
2957 0 11
2959 0 10
2960 1 19
2961 0 6
2962 0 7
2963 0 6
2965 0 8
2966 0 14
2967 0 7
2968 1 22
2969 0 14
2970 1 42
2971 0 9
2972 0 7
2973 1 15
2974 0 11
2975 1 11
2976 0 7
2977 0 18
2978 1 18
2979 0 8
2980 0 17
2982 1 7
2983 0 9
2985 0 11
2986 0 7
2987 0 9
2988 0 9
2989 1 13
2991 0 12
2992 0 9
2995 1 17
2997 0 10
2998 0 4
2999 0 11
3001 1 29
3002 0 9
3003 0 16
3004 0 6
3006 0 11
3007 0 9
3008 0 4
3009 0 6
3011 0 5
3012 0 8
3013 0 4
3014 0 4
3018 0 8
3019 0 7
3020 1 10
3021 0 10
3022 0 10
3023 1 10
3024 1 14
3025 0 7
3027 0 15
3028 0 9
3029 0 19
3030 0 23
3031 0 14
3032 1 12
3033 0 2
3034 0 8
3035 0 9
3036 0 7
3037 0 7
3038 1 28
3039 0 8
3040 1 14
3041 0 9
3042 0 14
3043 0 8
3044 0 11
3045 0 8
3047 0 11
3048 1 16
3049 0 9
3051 0 13
3052 0 27
3053 0 9
3055 0 7
3056 0 7
3057 0 17
3058 0 11
3059 1 17
3060 1 14
3061 0 15
3062 0 8
3063 1 11
3064 0 16
3065 0 7
3066 0 2
3067 0 17
3068 0 11
3069 0 10
3070 0 5
3071 0 17
3072 0 9
3075 0 4
3076 0 6
3077 0 16
3078 0 7
3079 0 14
3080 0 7
3081 0 5
3082 0 12
3083 0 10
3085 1 16
3087 0 7
3088 0 9
3089 0 10
3091 0 7
3092 1 16
3093 0 18
3094 0 7
3095 0 8
3097 0 11
3098 0 5
3099 0 15
3100 1 16
3102 0 13
3104 0 11
3105 0 8
3107 0 7
3108 1 16
3109 1 20
3110 0 9
3112 0 7
3114 0 28
3115 0 73
3116 0 7
3119 0 14
3121 0 8
3123 0 11
3124 0 10
3125 0 11
3127 1 16
3129 0 10
3131 0 3
3132 0 10
3135 0 41
3136 0 8
3137 0 10
3140 0 19
3141 0 9
3143 1 11
3144 0 9
3145 1 14
3146 0 14
3147 0 11
3148 1 14
3149 1 11
3153 0 4
3154 0 6
3155 0 8
3156 1 29
3157 0 11
3158 1 15
3159 1 18
3160 1 13
3161 0 10
3165 0 10
3167 0 11
3168 0 12
3169 0 7
3170 0 9
3171 0 3
3172 0 10
3173 0 10
3174 0 7
3175 0 9
3176 0 9
3177 0 17
3178 0 9
3179 0 7
3180 0 8
3181 0 19
3183 0 6
3184 0 8
3185 0 18
3186 1 9
3187 0 6
3188 0 9
3189 0 50
3190 1 23
3191 0 9
3193 0 39
3194 0 14
3195 1 15
3196 0 10
3197 0 9
3198 1 14
3200 0 7
3201 0 4
3202 1 13
3203 0 16
3204 1 7
3205 0 16
3206 0 11
3207 0 16
3208 0 3
3210 0 5
3211 1 11
3212 0 11
3213 1 6
3214 0 2
3217 1 12
3218 0 11
3219 0 10
3220 0 12
3221 1 11
3222 0 7
3225 1 14
3226 0 7
3227 1 5
3228 1 36
3229 1 13
3230 0 17
3231 0 9
3232 0 8
3233 0 4
3236 1 11
3237 0 6
3238 0 9
3240 0 15
3241 0 7
3242 0 8
3243 0 23
3244 0 8
3247 0 11
3248 0 12
3249 0 11
3250 0 15
3251 0 7
3252 0 7
3253 1 14
3254 0 16
3255 1 37
3256 0 5
3257 0 4
3258 0 10
3259 1 16
3260 1 12
3261 0 9
3263 0 11
3264 1 11
3267 0 10
3268 1 16
3269 1 13
3270 0 5
3271 0 13
3273 0 7
3274 0 8
3276 1 23
3277 0 7
3278 1 13
3279 0 15
3280 0 9
3281 0 14
3283 0 7
3284 0 10
3286 0 16
3288 1 17
3289 0 11
3290 1 11
3292 0 10
3293 0 11
3294 0 11
3295 1 12
3297 1 16
3298 0 12
3299 1 17
3300 0 10
3301 0 16
3303 0 8
3304 0 7
3305 0 9
3306 1 26
3307 0 8
3308 0 6
3309 0 7
3310 1 12
3311 1 15
3312 0 9
3313 0 8
3315 1 18
3317 0 20
3319 1 13
3320 0 5
3321 1 17
3322 0 8
3323 0 7
3324 0 11
3325 0 11
3327 1 22
3328 0 34
3329 1 11
3330 0 11
3331 0 11
3332 0 9
3333 0 9
3334 0 10
3335 0 11
3337 1 17
3338 0 3
3340 0 7
3341 0 16
3343 0 11
3344 0 4
3345 0 13
3346 0 9
3348 0 11
3349 0 21
3350 0 8
3351 0 3
3353 1 13
3355 1 34
3356 1 17
3357 1 14
3358 0 8
3360 1 14
3361 0 9
3362 0 11
3363 0 9
3365 0 4
3366 0 8
3367 0 18
3368 0 11
3369 0 16
3370 0 18
3371 0 20
3372 0 15
3373 0 12
3374 1 14
3375 0 8
3376 0 9
3378 0 13
3379 0 9
3380 1 19
3381 0 6
3383 1 15
3384 0 7
3385 0 3
3386 0 27
3387 0 15
3388 1 11
3390 1 14
3391 0 9
3392 1 11
3393 0 7
3394 0 11
3395 0 13
3396 0 7
3397 0 6
3398 0 8
3400 0 13
3401 0 16
3403 0 7
3404 0 7
3406 0 10
3408 0 11
3409 1 11
3410 0 8
3411 1 18
3412 0 10
3413 0 3
3415 1 12
3416 0 10
3417 0 16
3418 0 7
3419 1 13
3421 0 18
3422 1 34
3423 0 7
3424 0 7
3425 0 14
3427 0 9
3428 0 8
3429 0 4
3430 0 20
3431 0 8
3432 0 15
3433 0 7
3434 1 23
3435 0 16
3436 1 21
3438 0 12
3439 0 3
3440 1 19
3442 0 8
3444 0 11
3445 0 7
3447 1 20
3448 0 3
3449 1 28
3450 0 13
3452 1 11
3453 1 9
3454 0 8
3455 0 8
3456 0 10
3458 0 11
3459 0 16
3460 0 7
3461 0 10
3462 0 14
3464 0 2
3465 0 10
3471 0 7
3472 0 8
3473 0 9
3474 0 9
3475 0 4
3476 1 19
3477 1 17
3479 0 7
3480 0 9
3482 1 13
3485 0 7
3487 1 29
3488 0 10
3489 0 3
3490 0 10
3491 1 10
3492 0 3
3493 0 7
3494 0 8
3496 1 8
3498 1 13
3499 0 8
3500 0 8
3501 0 16
3502 0 19
3503 0 9
3504 0 8
3505 0 29
3508 1 17
3509 0 6
3510 0 16
3511 1 9
3512 1 14
3513 0 7
3514 0 10
3515 0 11
3516 0 10
3517 0 3
3518 0 9
3519 0 16
3520 0 10
3521 0 10
3522 0 24
3523 1 12
3524 0 7
3525 0 19
3526 1 13
3527 0 11
3528 0 7
3529 0 9
3531 0 7
3533 0 3
3534 0 16
3536 0 16
3537 0 12
3538 0 9
3539 0 7
3540 1 14
3541 1 13
3542 1 11
3543 1 19
3545 0 9
3546 1 12
3547 0 7
3548 0 50
3549 0 10
3550 0 9
3551 0 14
3552 1 13
3553 0 8
3554 1 15
3555 0 11
3556 1 11
3557 1 15
3558 0 40
3559 1 22
3560 0 22
3561 0 10
3562 1 12
3563 0 9
3564 0 7
3565 0 21
3566 0 7
3567 0 11
3568 0 8
3569 1 13
3570 0 17
3571 0 11
3572 0 6
3573 0 9
3575 1 13
3576 0 6
3577 0 10
3578 1 13
3579 0 9
3580 0 7
3581 0 8
3582 0 5
3583 0 10
3584 1 23
3585 0 7
3588 1 14
3590 0 10
3592 0 8
3593 1 14
3594 1 12
3595 1 10
3596 0 48
3597 0 10
3598 0 7
3599 0 16
3600 1 11
3602 0 7
3603 0 10
3604 1 7
3606 0 8
3607 1 23
3608 1 9
3609 0 9
3610 1 18
3611 1 24
3614 0 11
3616 0 11
3618 1 11
3619 0 14
3620 1 23
3621 0 12
3622 0 15
3624 0 11
3626 0 8
3628 1 13
3629 0 7
3630 0 26
3631 0 15
3632 0 4
3635 0 12
3636 0 6
3637 0 15
3638 0 10
3639 0 16
3640 1 12
3642 0 11
3643 0 16
3644 0 14
3646 0 11
3647 0 11
3648 1 12
3649 1 21
3652 0 12
3653 0 17
3654 0 36
3656 0 11
3657 0 9
3658 1 12
3659 0 10
3660 0 11
3661 0 11
3663 0 8
3664 1 23
3665 0 8
3666 1 13
3667 0 7
3668 0 7
3669 1 11
3671 0 11
3673 0 9
3675 1 15
3676 0 10
3678 0 17
3679 1 18
3680 0 9
3681 0 8
3682 0 8
3683 0 8
3684 0 9
3685 0 15
3686 0 8
3687 0 10
3688 0 7
3689 1 11
3690 1 22
3692 0 9
3693 1 23
3694 0 8
3695 0 9
3696 0 18
3697 1 15
3699 1 16
3700 0 13
3701 0 11
3702 0 4
3703 1 27
3704 1 13
3705 0 4
3707 1 12
3708 0 7
3711 1 23
3713 1 17
3714 0 12
3716 1 12
3717 0 10
3719 0 10
3720 0 8
3721 1 37
3722 0 11
3723 1 46
3724 1 23
3725 0 9
3726 0 9
3728 0 8
3729 0 10
3730 1 11
3731 0 4
3732 1 19
3733 0 19
3734 1 16
3735 0 24
3736 0 10
3737 0 6
3738 0 9
3739 1 11
3740 0 13
3741 1 11
3742 0 7
3743 0 11
3744 1 19
3745 1 21
3746 0 10
3747 1 14
3748 0 9
3750 0 15
3751 0 9
3752 0 14
3753 1 15
3754 0 6
3755 1 39
3756 0 8
3757 0 11
3758 1 19
3759 0 11
3760 1 15
3761 0 9
3762 0 10
3763 1 11
3764 0 26
3765 1 17
3766 1 13
3767 1 15
3768 0 9
3769 0 11
3771 1 18
3772 0 7
3773 0 9
3774 0 7
3775 0 8
3776 0 10
3778 1 11
3779 0 8
3780 0 20
3781 0 17
3782 0 8
3783 0 10
3784 0 4
3785 0 17
3786 0 10
3787 0 9
3789 0 11
3791 0 11
3792 0 5
3795 0 16
3798 0 11
3799 1 11
3800 0 8
3801 0 26
3802 0 20
3803 0 9
3804 0 20
3806 0 9
3807 0 6
3809 0 9
3810 0 4
3811 0 16
3813 1 50
3815 0 11
3816 0 3
3817 0 10
3818 0 11
3819 1 26
3820 0 25
3824 1 27
3825 0 10
3826 1 12
3827 0 7
3828 1 20
3830 0 7
3831 1 10
3833 0 16
3838 0 8
3839 0 10
3840 1 6
3841 1 42
3842 0 18
3843 0 16
3844 0 39
3846 1 11
3847 0 3
3848 0 12
3849 0 11
3851 0 12
3853 0 16
3854 0 9
3855 0 10
3857 1 13
3858 1 11
3859 1 23
3861 1 11
3862 0 6
3863 0 6
3864 0 8
3865 0 7
3866 1 17
3867 0 9
3869 0 12
3870 0 7
3871 0 12
3873 0 9
3874 0 7
3877 0 6
3878 0 31
3879 1 12
3880 0 11
3881 1 21
3882 1 8
3883 1 10
3884 0 3
3887 0 7
3888 0 11
3889 0 10
3890 0 6
3891 0 12
3892 0 8
3894 0 11
3895 0 10
3896 1 11
3897 1 14
3900 1 18
3901 1 15
3903 0 11
3904 1 11
3905 0 9
3906 0 10
3907 0 3
3908 0 14
3909 0 7
3910 0 19
3911 1 12
3914 0 11
3915 0 9
3916 0 9
3918 0 9
3920 0 8
3921 0 7
3922 0 16
3923 0 16
3924 0 8
3925 1 24
3926 1 10
3927 1 16
3928 1 11
3929 1 23
3930 0 10
3931 0 3
3932 0 25
3933 1 16
3934 0 3
3935 0 8
3936 0 6
3939 0 8
3941 1 35
3942 1 16
3943 0 8
3945 0 11
3947 1 18
3948 1 21
3949 0 7
3950 0 17
3952 0 8
3953 0 8
3954 0 8
3955 0 12
3956 0 9
3958 0 7
3959 1 10
3960 1 14
3961 0 9
3964 0 4
3965 0 9
3966 0 16
3968 1 32
3969 0 7
3970 0 8
3971 0 11
3973 0 10
3974 0 11
3975 0 18
3976 1 11
3977 0 7
3978 0 11
3979 1 11
3981 0 7
3982 0 20
3983 0 9
3985 1 12
3988 0 28
3990 0 11
3991 0 7
3993 0 9
3994 0 10
3996 0 4
3997 0 22
3998 1 28
3999 0 10
4001 0 7
4003 0 7
4004 0 7
4005 0 11
4007 1 15
4008 0 9
4009 0 7
4010 0 10
4011 0 11
4012 0 10
4014 1 19
4016 0 11
4017 0 15
4018 0 5
4020 1 13
4021 0 8
4022 1 15
4023 0 7
4027 0 7
4028 0 10
4031 0 11
4032 0 6
4033 0 13
4034 0 7
4035 1 11
4036 0 17
4038 1 12
4040 1 9
4041 0 8
4042 0 7
4043 0 18
4044 0 16
4045 0 14
4046 0 7
4047 0 2
4048 0 9
4051 0 12
4053 0 9
4054 1 13
4055 1 13
4056 0 7
4057 0 7
4059 1 11
4060 0 12
4061 0 3
4062 0 11
4063 0 11
4065 1 26
4066 0 25
4070 0 15
4071 0 7
4072 0 11
4074 1 11
4075 0 8
4076 0 7
4078 0 10
4079 0 9
4080 0 11
4081 0 7
4082 0 12
4084 0 10
4085 0 20
4086 0 9
4087 0 4
4089 0 9
4090 1 16
4091 0 6
4092 0 7
4094 1 14
4096 0 3
4099 0 7
4100 0 15
4102 0 12
4103 0 9
4104 0 9
4105 0 16
4106 0 7
4107 1 11
4108 0 11
4109 0 8
4111 0 9
4112 0 11
4113 0 3
4114 1 26
4116 1 14
4117 0 11
4118 0 14
4119 0 7
4120 0 10
4121 0 8
4122 0 7
4123 1 24
4124 0 10
4125 0 11
4126 0 7
4127 0 23
4128 0 7
4129 0 3
4130 0 8
4132 0 11
4133 1 6
4134 1 11
4135 0 11
4136 1 34
4138 1 17
4139 0 6
4140 0 5
4141 0 7
4142 1 15
4144 0 17
4146 0 4
4147 0 7
4148 0 25
4150 0 16
4151 0 11
4152 0 9
4154 0 9
4155 0 17
4156 0 4
4157 0 11
4159 1 14
4160 1 14
4161 0 8
4162 1 12
4163 0 8
4164 0 10
4165 0 10
4167 0 7
4168 0 11
4169 1 12
4170 1 18
4171 1 19
4173 0 11
4175 0 7
4176 0 7
4177 0 10
4178 1 14
4179 0 8
4181 0 8
4182 0 9
4183 0 4
4184 0 10
4186 0 11
4187 0 6
4188 1 10
4189 0 4
4190 1 18
4192 1 16
4193 0 11
4195 0 13
4197 0 11
4199 0 11
4200 1 11
4201 0 8
4202 0 20
4203 0 10
4204 0 8
4206 0 9
4207 0 28
4208 1 18
4211 1 6
4212 1 7
4214 0 10
4215 0 11
4218 0 8
4219 1 19
4220 0 9
4221 0 9
4222 0 19
4223 1 19
4224 1 19
4225 0 18
4227 0 14
4228 0 10
4229 0 10
4232 1 15
4233 1 22
4234 0 11
4235 1 8
4237 1 9
4238 0 18
4239 1 28
4240 0 11
4241 0 7
4243 0 21
4244 0 11
4245 0 15
4246 0 11
4247 1 21
4248 0 9
4250 0 3
4251 0 16
4252 1 11
4253 0 6
4254 0 11
4255 1 12
4258 0 9
4259 0 9
4260 0 12
4261 0 14
4262 1 12
4263 0 9
4264 1 15
4265 0 10
4266 1 17
4267 1 21
4268 0 15
4269 1 29
4270 0 11
4271 1 28
4272 0 11
4273 0 7
4274 0 9
4275 0 7
4276 1 29
4278 0 10
4279 0 8
4280 0 3
4281 0 14
4283 0 10
4284 0 10
4285 0 9
4286 1 11
4287 0 9
4288 0 12
4289 0 6
4290 0 9
4292 0 9
4295 0 10
4296 0 12
4297 0 11
4298 1 11
4299 0 3
4300 0 5
4301 1 21
4303 0 2
4304 1 16
4305 1 18
4306 0 15
4307 0 3
4308 0 7
4309 0 7
4310 1 14
4311 0 10
4313 0 9
4314 0 11
4315 0 8
4317 0 8
4318 0 15
4320 0 7
4322 0 11
4323 0 30
4324 1 12
4325 0 9
4327 1 8
4328 1 17
4329 1 23
4330 0 8
4331 0 3
4332 1 18
4333 0 10
4335 0 12
4337 0 6
4340 0 8
4341 0 7
4342 1 11
4343 1 14
4344 0 14
4345 1 11
4346 0 10
4347 0 22
4348 0 10
4349 0 10
4350 0 9
4351 1 23
4353 0 12
4354 1 21
4356 0 14
4357 0 7
4358 1 17
4360 1 23
4362 0 10
4364 0 16
4365 0 8
4367 0 8
4368 1 11
4369 0 16
4370 0 6
4371 1 16
4372 0 9
4373 1 8
4374 0 11
4375 0 10
4376 0 11
4378 1 13
4379 1 9
4380 0 9
4381 0 6
4383 0 19
4386 1 16
4387 0 7
4388 0 7
4389 0 9
4390 1 12
4391 0 7
4392 0 3
4393 0 11
4394 0 16
4396 0 17
4397 0 3
4399 0 10
4401 1 12
4402 1 16
4403 0 22
4404 0 16
4406 0 15
4407 1 15
4408 0 8
4409 1 10
4410 1 16
4411 0 9
4412 1 14
4413 0 9
4414 0 3
4415 1 16
4416 1 21
4419 1 20
4421 0 13
4422 0 8
4423 0 10
4424 1 10
4425 0 8
4426 0 15
4429 1 15
4430 1 27
4431 1 7
4432 1 12
4433 1 9
4434 1 16
4435 0 34
4436 0 16
4437 0 3
4438 0 16
4439 0 3
4440 1 14
4441 0 28
4443 1 11
4445 1 18
4446 1 14
4447 0 7
4449 1 23
4450 0 8
4451 0 10
4452 1 17
4453 0 4
4455 1 8
4456 1 11
4457 0 3
4458 0 22
4459 0 10
4460 0 9
4462 0 7
4463 1 11
4465 0 19
4466 0 11
4467 0 8
4468 0 11
4469 1 15
4470 0 7
4472 0 9
4473 1 11
4475 0 12
4476 0 5
4477 0 9
4478 0 10
4480 0 11
4481 1 12
4482 0 10
4483 0 10
4484 0 17
4485 0 8
4487 0 11
4488 0 16
4489 1 14
4490 0 10
4491 1 16
4492 0 11
4493 0 10
4494 0 7
4495 0 7
4496 1 15
4497 0 3
4498 1 13
4499 0 16
4501 0 11
4502 1 17
4503 0 11
4505 1 12
4507 0 17
4508 0 10
4510 0 12
4511 0 10
4514 0 8
4516 0 9
4517 0 11
4518 0 9
4519 0 9
4520 1 11
4521 0 7
4522 0 5
4523 0 7
4525 0 10
4527 0 16
4528 1 20
4529 0 37
4530 0 9
4531 0 7
4532 0 16
4534 1 11
4535 0 17
4536 0 2
4537 0 10
4538 0 24
4539 0 3
4540 0 4
4541 0 11
4542 0 11
4543 0 8
4547 0 7
4548 0 13
4549 1 16
4550 0 8
4551 1 8
4552 0 10
4553 0 7
4554 0 39
4555 1 16
4556 0 3
4557 0 15
4558 0 7
4560 0 10
4562 1 33
4565 0 8
4567 0 11
4569 1 14
4570 0 9
4571 0 8
4572 1 11
4573 0 8
4574 0 8
4575 0 17
4576 1 15
4577 0 8
4579 0 8
4580 1 18
4582 1 11
4583 0 8
4584 0 10
4585 1 11
4586 0 22
4587 1 19
4590 0 9
4591 0 10
4592 0 19
4593 0 16
4594 0 7
4595 0 16
4598 0 13
4599 0 11
4600 0 11
4601 0 11
4602 0 4
4604 1 12
4605 0 10
4606 0 8
4607 0 8
4608 1 10
4609 1 12
4610 0 9
4612 0 5
4613 1 12
4614 0 8
4615 0 7
4616 0 22
4617 0 11
4618 1 10
4619 1 10
4620 0 12
4621 0 4
4622 1 11
4623 0 33
4624 0 7
4625 0 8
4626 0 3
4627 0 9
4628 0 4
4629 0 6
4630 0 8
4631 0 8
4632 0 9
4633 0 20
4634 0 8
4635 0 8
4636 0 17
4637 0 11
4638 1 19
4641 0 7
4642 0 8
4643 1 14
4644 1 19
4645 0 11
4646 0 16
4647 0 3
4649 0 10
4650 0 3
4652 1 13
4654 0 11
4655 0 16
4656 1 11
4658 0 17
4659 0 11
4660 1 23
4661 1 14
4662 0 5
4663 1 17
4664 0 8
4665 0 10
4666 0 9
4667 0 17
4668 0 7
4669 1 14
4670 0 10
4671 0 31
4672 0 12
4673 1 20
4674 0 19
4675 0 11
4677 1 10
4678 0 7
4679 0 9
4680 1 8
4682 0 9
4683 0 7
4684 0 3
4685 0 11
4686 0 9
4687 0 9
4688 0 16
4689 0 13
4690 0 14
4691 0 9
4692 1 18
4693 1 9
4694 0 7
4696 0 9
4697 0 7
4698 1 25
4699 0 21
4701 0 13
4702 0 9
4704 0 21
4705 0 10
4706 0 23
4707 0 10
4708 0 7
4709 0 4
4710 0 9
4711 0 19
4714 0 16
4715 1 12
4717 1 11
4718 0 15
4719 0 11
4721 0 7
4722 0 4
4723 0 3
4724 0 7
4728 0 8
4730 0 11
4731 0 11
4734 0 11
4735 0 8
4736 0 16
4737 0 10
4739 1 7
4740 1 15
4741 0 9
4742 0 9
4743 1 17
4744 0 9
4745 0 11
4746 0 9
4747 0 9
4749 0 7
4750 1 16
4751 1 26
4752 0 11
4753 1 16
4754 0 7
4756 0 8
4757 0 16
4758 0 11
4759 0 9
4761 0 23
4762 0 15
4763 0 15
4764 0 5
4765 0 7
4766 0 19
4768 0 11
4769 1 23
4770 0 8
4771 1 27
4772 0 8
4773 0 7
4774 0 9
4775 1 9
4776 0 23
4777 1 16
4778 0 9
4780 1 16
4782 0 8
4784 1 12
4785 1 10
4786 0 10
4787 0 4
4788 0 7
4790 0 4
4791 0 6
4792 0 11
4793 1 18
4795 1 15
4796 0 4
4797 0 10
4798 0 6
4803 0 6
4804 1 15
4805 1 7
4807 0 7
4808 1 15
4810 0 3
4811 0 10
4812 0 7
4815 0 11
4817 1 12
4820 0 17
4821 0 10
4822 0 6
4823 0 8
4824 0 13
4825 0 3
4826 0 13
4827 0 11
4828 0 11
4829 1 17
4830 0 9
4831 1 13
4832 1 11
4833 1 13
4835 0 17
4836 0 12
4837 0 10
4839 1 10
4840 0 11
4841 0 10
4842 0 8
4844 0 12
4845 1 19
4846 0 11
4847 1 8
4848 0 9
4849 0 9
4850 0 9
4853 1 11
4854 0 15
4855 0 25
4856 0 8
4858 0 11
4859 0 26
4860 0 8
4861 1 15
4862 0 16
4863 1 17
4864 0 7
4865 0 7
4866 0 16
4868 1 19
4869 1 13
4870 0 11
4872 1 13
4873 1 10
4874 0 12
4876 0 9
4878 0 8
4879 1 22
4880 1 11
4881 1 32
4882 0 9
4883 0 19
4884 1 16
4885 0 8
4886 0 10
4887 0 9
4889 1 12
4890 0 6
4891 0 16
4892 1 14
4893 1 19
4894 0 10
4895 1 9
4897 1 15
4899 0 10
4900 0 8
4901 1 9
4902 0 7
4903 0 8
4905 0 10
4906 0 16
4909 0 11
4911 0 13
4912 0 8
4913 0 7
4914 0 16
4915 1 13
4916 0 7
4917 1 10
4919 0 10
4921 1 11
4922 0 8
4923 1 18
4924 0 12
4925 0 13
4926 1 12
4927 0 5
4928 1 15
4929 1 13
4930 0 16
4931 1 17
4932 0 8
4934 0 8
4935 0 7
4936 0 10
4937 0 11
4938 1 9
4940 0 42
4941 1 13
4944 1 15
4945 0 7
4947 0 5
4948 1 11
4950 0 15
4951 1 15
4952 1 23
4953 1 18
4954 1 12
4957 1 19
4958 0 20
4959 0 7
4960 0 9
4961 1 14
4962 0 17
4963 1 16
4964 0 7
4965 0 16
4966 0 10
4967 0 4
4968 0 18
4969 1 13
4970 0 19
4971 0 13
4972 0 10
4973 1 13
4974 1 21
4975 0 8
4976 0 10
4977 0 16
4978 0 11
4979 0 7
4981 0 7
4982 1 18
4983 0 12
4985 1 13
4986 0 12
4987 0 3
4988 1 11
4989 0 12
4990 1 22
4991 0 10
4992 0 9
4993 0 8
4994 0 8
4995 0 11
4997 0 7
4998 0 9
4999 0 10
5001 0 7
5002 0 11
5003 0 8
5004 0 10
5005 0 9
5006 1 20
5007 0 8
5009 0 23
5010 0 10
5011 0 8
5012 0 8
5013 0 8
5015 0 8
5016 1 11
5017 0 7
5018 0 3
5019 1 11
5021 0 6
5023 1 11
5024 1 34
5025 0 23
5026 1 12
5027 0 18
5028 1 13
5029 0 27
5030 0 9
5031 0 3
5032 0 19
5034 0 10
5035 0 8
5038 1 15
5039 0 7
5041 1 16
5042 0 7
5043 0 8
5044 0 7
5045 0 8
5046 0 9
5047 0 29
5049 0 12
5050 0 13
5051 1 22
5053 0 9
5054 0 6
5055 0 5
5056 0 18
5057 0 16
5058 0 22
5059 0 9
5060 1 16
5061 1 19
5062 0 8
5063 1 11
5064 1 73
5066 1 13
5067 1 11
5068 0 27
5069 0 16
5070 0 17
5071 0 9
5072 1 10
5073 1 15
5074 0 7
5075 0 7
5076 0 10
5077 0 6
5079 0 4
5082 1 11
5085 1 29
5086 0 5
5087 0 10
5088 0 8
5091 0 11
5092 1 15
5093 0 8
5094 0 8
5096 1 10
5098 1 14
5100 0 8
5101 0 10
5103 1 15
5104 0 7
5105 0 8
5107 0 9
5110 0 3
5111 0 8
5112 0 11
5113 0 9
5114 1 15
5115 1 21
5117 0 9
5118 0 9
5120 1 10
5121 0 10
5122 1 21
5123 1 20
5124 0 7
5125 0 16
5126 0 19
5127 0 2
5128 0 10
5129 1 18
5130 1 16
5131 1 14
5132 0 8
5133 0 8
5134 1 14
5135 0 11
5136 0 11
5137 1 17
5138 1 13
5139 0 9
5140 0 8
5141 1 22
5142 1 22
5143 0 10
5144 0 7
5145 0 11
5146 0 23
5147 0 7
5148 0 22
5149 0 8
5150 0 11
5151 1 15
5152 0 9
5153 0 11
5156 0 11
5157 1 15
5158 1 13
5160 0 16
5161 0 9
5162 1 17
5163 0 19
5164 1 22
5165 0 25
5166 1 19
5167 0 7
5168 0 23
5169 0 10
5170 1 16
5173 0 10
5175 1 10
5176 0 8
5177 1 14
5179 1 27
5180 0 9
5184 0 8
5185 0 8
5186 0 11
5187 0 6
5188 1 12
5191 0 9
5193 1 16
5194 0 8
5195 0 7
5197 0 8
5198 0 10
5199 0 8
5200 1 28
5201 0 23
5202 0 10
5203 0 9
5205 0 10
5206 0 16
5207 1 22
5208 0 36
5209 0 13
5210 1 22
5212 0 11
5213 0 7
5214 0 42
5215 1 16
5216 0 16
5217 0 8
5218 1 11
5220 1 11
5221 1 8
5222 0 5
5223 1 10
5224 0 15
5225 0 7
5226 0 19
5228 0 7
5229 1 21
5230 1 9
5231 0 11
5232 0 50
5233 1 23
5234 0 10
5235 0 8
5236 0 4
5239 1 10
5240 1 12
5241 0 11
5243 0 2
5244 0 14
5245 0 8
5246 1 21
5247 0 17
5248 1 17
5249 0 8
5251 0 7
5252 0 11
5253 1 11
5254 1 13
5255 0 10
5256 0 3
5257 0 20
5260 0 7
5261 0 9
5262 1 7
5263 0 8
5264 0 9
5265 1 21
5266 1 10
5268 1 10
5269 0 4
5270 1 16
5271 0 7
5272 0 10
5273 0 3
5274 0 16
5275 0 18
5277 0 17
5278 1 19
5281 0 8
5282 0 4
5284 0 8
5285 1 5
5286 0 6
5287 0 8
5288 0 17
5289 0 26
5290 1 21
5291 0 9
5293 0 7
5296 0 11
5297 0 10
5298 0 5
5300 1 11
5301 1 13
5304 0 8
5305 0 9
5306 0 9
5308 0 15
5309 0 11
5310 0 7
5311 0 11
5312 0 3
5313 0 13
5314 1 20
5315 0 12
5316 1 7
5317 0 10
5318 0 12
5319 1 14
5320 0 11
5322 1 35
5323 1 26
5324 0 7
5325 0 3
5326 0 11
5327 0 10
5328 1 14
5329 1 18
5331 0 7
5333 0 12
5334 0 7
5335 0 8
5337 0 8
5341 0 11
5342 1 11
5343 0 9
5344 0 11
5346 0 17
5347 1 11
5348 0 3
5349 0 8
5350 0 10
5352 1 21
5353 0 9
5354 0 11
5355 0 16
5356 0 7
5358 0 8
5359 0 10
5360 0 9
5362 0 10
5363 1 13
5364 1 15
5365 1 39
5366 1 22
5367 1 12
5368 0 13
5369 0 6
5370 0 11
5371 0 13
5372 1 10
5373 0 9
5375 1 41
5377 0 5
5380 0 20
5381 0 14
5384 0 8
5385 0 7
5386 0 25
5387 0 8
5388 0 2
5389 1 15
5391 0 16
5392 0 7
5393 0 3
5394 0 9
5395 0 10
5396 0 8
5397 0 9
5398 0 7
5399 1 19
5400 0 16
5402 0 22
5403 0 8
5404 0 9
5405 0 16
5406 1 17
5407 0 50
5408 1 18
5409 1 13
5410 0 13
5411 1 23
5412 0 10
5413 0 29
5414 0 25
5415 1 3
5416 1 7
5419 0 11
5420 0 11
5421 1 18
5422 0 11
5423 0 10
5424 0 8
5425 0 9
5426 0 8
5427 0 8
5428 1 14
5429 0 12
5430 1 28
5431 0 8
5432 0 6
5433 0 19
5434 0 6
5435 0 11
5436 1 24
5437 1 18
5438 0 20
5439 1 8
5440 0 43
5441 1 16
5442 0 7
5443 1 14
5444 0 10
5446 1 11
5447 1 16
5450 0 3
5451 1 13
5453 0 16
5455 0 18
5456 1 11
5457 0 20
5459 0 16
5460 0 10
5461 0 10
5462 0 10
5463 0 11
5464 0 21
5465 1 18
5466 0 7
5467 0 6
5468 1 11
5470 0 10
5471 0 4
5472 1 13
5473 0 7
5474 1 14
5476 0 8
5479 1 19
5480 0 13
5481 1 16
5482 1 15
5484 0 11
5485 0 7
5487 0 7
5489 0 10
5490 0 10
5492 0 7
5493 1 13
5494 0 4
5495 1 11
5496 1 11
5497 0 13
5498 0 7
5500 1 16
5501 0 11
5504 1 11
5505 0 9
5507 0 10
5508 1 15
5509 0 10
5510 1 16
5512 0 4
5514 0 8
5515 0 8
5516 1 18
5517 0 8
5519 1 18
5522 0 12
5523 0 16
5524 0 9
5525 0 7
5526 0 11
5528 1 16
5529 0 9
5530 1 13
5531 0 4
5532 0 10
5534 0 10
5535 0 16
5536 0 7
5537 0 7
5538 1 18
5539 1 23
5540 0 9
5541 0 4
5542 0 8
5543 0 3
5544 0 11
5545 0 15
5546 0 8
5548 0 13
5549 0 11
5551 0 11
5552 0 9
5553 0 8
5554 0 11
5555 0 7
5556 0 9
5557 1 21
5558 0 12
5559 0 10
5560 0 25
5561 0 14
5563 0 8
5564 1 23
5565 0 7
5567 0 7
5568 0 17
5570 0 9
5571 0 8
5573 1 9
5576 0 11
5577 0 10
5578 0 7
5579 0 10
5580 0 7
5581 0 21
5582 1 13
5583 1 12
5585 1 8
5586 0 17
5587 1 11
5588 1 20
5589 0 8
5590 0 12
5591 0 7
5593 0 12
5595 0 9
5596 0 7
5597 0 18
5598 1 18
5599 1 17
5600 1 21
5601 1 17
5602 0 9
5603 0 10
5605 0 10
5606 0 7
5607 0 11
5609 0 8
5610 0 11
5611 1 11
5612 1 16
5613 0 3
5614 0 9
5615 1 30
5616 1 12
5618 0 10
5619 0 11
5620 0 10
5621 0 10
5622 0 9
5623 0 8
5624 0 10
5625 0 22
5626 0 11
5627 1 8
5628 0 7
5629 0 12
5630 0 14
5631 0 23
5632 1 12
5633 0 10
5634 0 7
5635 0 7
5636 0 17
5637 0 12
5638 0 10
5639 0 10
5641 0 5
5643 1 15
5644 0 10
5645 0 11
5646 1 13
5647 0 15
5648 0 23
5649 0 13
5650 0 11
5651 0 7
5653 0 24
5654 0 8
5656 0 16
5659 1 14
5660 0 15
5661 1 11
5662 0 9
5663 0 9
5664 0 11
5665 0 7
5666 0 11
5667 0 13
5668 0 11
5669 0 10
5670 0 9
5671 0 6
5672 0 7
5673 0 11
5674 0 13
5676 0 9
5677 0 12
5678 0 7
5679 1 3
5682 0 9
5683 1 12
5684 1 14
5685 0 10
5686 0 11
5688 0 15
5689 0 7
5691 0 10
5692 0 10
5693 0 7
5694 1 13
5695 0 3
5696 1 10
5697 0 8
5698 0 10
5699 0 15
5700 0 7
5702 1 11
5703 0 9
5704 1 16
5705 0 17
5706 0 7
5707 0 7
5708 1 13
5709 0 8
5710 1 23
5711 1 17
5712 0 11
5713 1 19
5714 0 7
5716 0 7
5718 0 12
5719 0 9
5720 0 8
5722 0 9
5723 0 16
5724 1 19
5725 0 7
5726 0 10
5727 0 10
5728 0 3
5730 1 11
5733 1 20
5734 0 5
5735 0 16
5736 0 7
5738 0 21
5739 0 10
5741 0 11
5742 1 14
5743 0 16
5745 0 7
5746 0 2
5747 0 18
5748 0 19
5749 1 10
5750 1 15
5751 0 3
5752 0 8
5753 0 15
5754 1 12
5758 0 9
5760 0 11
5761 1 42
5764 1 26
5765 1 23
5766 0 9
5767 0 8
5768 1 16
5772 0 7
5773 0 11
5774 0 14
5775 0 11
5776 1 18
5777 1 14
5778 0 24
5781 0 9
5782 0 8
5783 1 8
5784 0 11
5785 1 13
5786 0 6
5787 0 9
5789 0 25
5790 0 36
5791 0 10
5792 0 7
5794 0 10
5795 0 3
5796 1 15
5797 0 10
5799 1 15
5800 1 16
5801 1 11
5802 0 3
5803 0 21
5804 0 19
5805 1 21
5806 1 10
5807 0 11
5808 0 11
5809 0 7
5810 0 9
5811 0 16
5812 0 14
5813 1 11
5815 0 7
5819 0 29
5820 0 7
5821 0 6
5822 0 7
5823 0 28
5824 1 7
5825 0 11
5827 0 15
5828 1 17
5830 1 12
5831 0 11
5832 1 11
5835 0 35
5836 0 11
5837 0 13
5838 0 8
5839 1 11
5840 1 15
5841 0 7
5843 0 8
5844 0 11
5845 0 9
5846 0 10
5847 0 9
5848 0 8
5849 0 9
5852 1 35
5853 0 18
5854 0 10
5855 0 3
5856 0 11
5857 0 7
5858 0 4
5859 0 16
5862 0 11
5863 0 9
5867 0 7
5868 0 21
5869 0 7
5871 1 30
5872 0 7
5873 0 9
5874 0 6
5875 0 7
5876 0 6
5877 1 29
5878 0 7
5879 0 7
5880 0 10
5881 0 9
5882 0 11
5883 0 9
5885 0 30
5886 0 11
5887 0 11
5888 1 14
5889 1 13
5890 0 19
5891 0 8
5892 0 34
5893 0 13
5894 0 6
5895 0 10
5897 1 16
5898 0 11
5900 0 11
5902 0 15
5903 0 20
5904 1 17
5905 0 9
5906 0 8
5908 0 8
5909 0 6
5910 0 7
5911 0 8
5912 1 26
5913 0 11
5914 1 8
5915 0 4
5916 0 10
5917 0 8
5918 0 17
5919 1 13
5920 0 16
5921 0 8
5922 0 7
5923 0 21
5924 0 33
5925 0 12
5926 0 9
5927 0 11
5930 0 6
5931 1 11
5933 0 11
5934 1 17
5935 0 10
5936 0 10
5937 1 36
5938 0 10
5939 0 8
5941 0 12
5942 0 10
5943 0 11
5944 1 16
5946 0 7
5947 0 11
5949 0 11
5951 0 10
5952 1 14
5953 0 18
5956 0 9
5957 1 14
5958 1 12
5959 0 11
5960 0 17
5961 0 28
5962 0 8
5963 0 11
5964 1 3
5965 0 16
5967 1 12
5968 0 9
5969 0 10
5970 0 8
5971 0 4
5972 0 6
5974 0 4
5975 0 4
5976 1 14
5977 1 12
5979 0 9
5980 1 31
5982 0 9
5983 0 16
5985 1 21
5986 1 13
5987 0 3
5989 0 11
5990 0 8
5991 0 7
5992 1 22
5993 0 12
5994 0 18
5995 1 12
5996 0 10
5997 0 7
5998 1 16
5999 0 8
6001 1 11
6002 0 7
6003 0 12
6004 1 10
6007 0 16
6008 0 5
6009 1 16
6011 0 14
6013 0 11
6014 0 9
6015 0 8
6016 0 20
6017 0 10
6018 1 16
6020 0 23
6021 0 11
6022 0 10
6023 0 8
6024 0 14
6025 0 10
6026 0 9
6028 0 17
6029 1 15
6031 1 17
6032 0 11
6033 0 10
6034 0 11
6035 0 9
6036 0 9
6037 0 9
6039 0 13
6040 0 9
6042 0 9
6044 0 9
6046 1 19
6047 0 2
6048 0 8
6049 0 8
6050 0 10
6051 1 16
6052 0 7
6054 1 11
6055 1 16
6057 1 8
6058 0 10
6061 0 9
6062 0 8
6063 1 20
6065 0 12
6066 0 17
6067 0 10
6068 0 11
6069 0 29
6070 0 15
6071 0 9
6073 0 23
6074 0 8
6075 0 8
6076 1 21
6077 1 15
6078 0 9
6079 1 21
6080 1 9
6081 0 8
6082 0 3
6083 0 47
6084 0 33
6085 0 8
6086 0 6
6087 0 11
6088 0 7
6089 0 3
6090 0 17
6092 0 11
6093 0 23
6094 0 11
6095 1 13
6096 1 11
6099 1 16
6101 0 10
6102 1 10
6105 0 13
6106 0 10
6107 1 10
6108 0 11
6110 0 11
6111 0 15
6112 1 14
6114 0 9
6115 1 13
6117 0 14
6118 1 13
6119 0 11
6120 1 11
6121 0 10
6122 0 11
6123 0 10
6124 0 7
6126 0 14
6127 1 17
6128 0 17
6130 0 3
6131 1 10
6132 0 9
6134 0 7
6135 1 12
6136 1 11
6137 0 11
6138 0 6
6139 0 7
6140 0 16
6141 0 5
6142 0 11
6143 0 18
6144 0 8
6146 0 8
6149 0 10
6150 0 16
6151 1 12
6152 0 23
6154 0 11
6156 0 8
6157 0 7
6158 0 8
6161 0 10
6162 1 7
6163 0 17
6164 0 7
6165 0 10
6166 0 10
6167 1 23
6168 1 13
6169 0 11
6171 1 50
6172 0 10
6173 0 11
6175 0 8
6176 0 11
6177 0 11
6178 0 6
6179 1 15
6180 0 12
6181 0 10
6182 0 10
6183 0 7
6184 0 7
6185 0 7
6186 0 7
6187 0 15
6189 1 12
6190 0 8
6191 1 29
6193 0 8
6194 0 7
6195 0 8
6196 1 11
6197 0 11
6198 1 19
6199 0 9
6200 0 18
6201 0 11
6202 1 3
6203 1 12
6204 0 16
6205 0 17
6207 0 11
6208 0 11
6209 1 14
6210 0 3
6213 0 9
6214 0 10
6215 0 2
6216 0 8
6217 1 16
6218 0 9
6219 0 10
6220 0 7
6221 0 4
6222 0 7
6223 0 8
6224 0 18
6225 0 10
6227 0 16
6228 0 9
6229 0 15
6230 0 3
6231 0 11
6232 1 13
6234 0 3
6235 0 10
6236 0 10
6237 0 16
6238 0 11
6239 0 16
6241 0 17
6242 0 11
6244 0 19
6245 0 16
6247 0 3
6248 0 24
6251 0 10
6253 0 11
6255 1 13
6256 0 16
6257 0 3
6259 0 7
6260 0 10
6261 0 23
6262 0 8
6265 0 17
6266 0 6
6267 0 7
6268 0 9
6269 0 9
6270 1 34
6271 1 14
6272 0 18
6273 0 2
6274 1 9
6276 0 9
6277 0 3
6278 0 10
6279 1 19
6280 1 14
6281 0 9
6282 0 8
6283 1 17
6284 0 8
6285 1 17
6286 0 15
6287 0 15
6288 0 10
6291 1 16
6292 0 8
6294 0 9
6295 0 8
6296 0 10
6297 0 10
6298 0 11
6299 0 11
6300 0 8
6301 0 9
6303 0 10
6304 1 14
6305 1 24
6306 0 11
6307 0 9
6308 0 7
6309 1 31
6310 0 18
6313 0 4
6314 0 7
6315 1 19
6316 1 13
6318 0 9
6319 0 7
6320 1 40
6321 0 3
6322 0 8
6323 0 12
6324 0 10
6325 1 23
6326 0 11
6327 0 16
6328 1 29
6329 0 6
6330 0 16
6331 1 12
6332 0 11
6333 0 11
6334 0 11
6335 0 8
6336 0 11
6337 0 8
6338 0 9
6339 0 14
6340 1 14
6341 0 11
6343 0 7
6347 0 18
6348 1 12
6349 0 14
6350 1 17
6351 0 11
6352 0 9
6354 0 9
6355 0 9
6356 0 10
6357 1 7
6358 0 10
6359 0 7
6360 0 17
6361 0 11
6362 0 8
6363 0 9
6364 0 11
6366 0 16
6367 0 14
6368 1 24
6370 0 11
6371 0 13
6372 0 29
6373 1 17
6374 0 11
6375 0 8
6377 0 10
6378 1 11
6379 1 10
6380 1 26
6381 1 17
6382 0 17
6383 0 11
6384 0 8
6385 1 16
6386 1 19
6387 0 7
6388 0 9
6389 0 11
6390 0 7
6391 0 9
6392 0 2
6393 1 29
6394 0 8
6395 0 8
6396 0 11
6397 1 12
6398 1 24
6399 1 13
6400 0 7
6401 0 16
6402 0 10
6403 0 12
6404 0 15
6406 0 4
6407 0 16
6408 0 8
6409 0 8
6410 0 11
6411 0 10
6412 1 11
6413 0 10
6415 0 12
6416 0 26
6417 1 19
6418 0 11
6419 1 12
6420 0 7
6423 0 19
6424 0 8
6426 0 10
6429 0 10
6430 1 20
6431 0 17
6432 1 11
6433 0 8
6434 1 12
6435 0 11
6436 0 11
6437 0 11
6438 0 10
6439 0 9
6440 0 15
6442 0 10
6443 0 10
6444 0 11
6445 0 10
6447 0 11
6448 0 10
6449 0 3
6450 0 8
6451 1 11
6453 0 8
6454 1 9
6455 1 18
6457 1 11
6458 0 11
6459 0 9
6460 1 23
6461 1 19
6462 0 24
6463 0 7
6464 0 8
6465 0 9
6466 1 19
6467 1 22
6468 0 8
6469 1 8
6470 0 11
6472 0 16
6473 0 7
6474 0 9
6477 0 10
6478 0 10
6479 0 9
6480 0 19
6481 1 14
6482 0 21
6483 0 10
6484 0 9
6486 1 12
6488 0 16
6489 0 19
6491 0 8
6492 0 7
6493 0 5
6495 0 6
6496 1 20
6499 0 10
6500 1 27
6501 0 8
6502 0 8
6503 0 9
6504 0 2
6508 1 12
6509 0 7
6510 1 11
6511 0 10
6512 0 10
6513 0 7
6514 0 9
6515 0 7
6516 0 10
6517 0 7
6518 0 23
6519 1 17
6520 1 12
6522 0 17
6523 0 11
6524 0 8
6525 1 13
6526 0 16
6529 1 6
6530 0 17
6531 1 17
6532 0 10
6533 0 11
6534 1 14
6535 0 8
6537 1 12
6538 1 12
6539 0 9
6540 0 6
6542 0 6
6543 0 7
6544 0 8
6545 0 11
6546 0 11
6548 0 7
6549 0 9
6551 0 4
6552 0 8
6553 0 11
6554 1 18
6555 0 9
6556 1 33
6557 0 23
6558 1 15
6559 1 17
6560 1 21
6562 0 16
6563 0 18
6564 1 12
6565 0 10
6566 0 16
6567 1 11
6568 0 11
6569 1 11
6570 0 17
6571 0 4
6572 0 12
6573 0 3
6576 0 16
6577 0 17
6578 1 11
6579 1 29
6580 0 2
6581 0 8
6582 0 10
6583 1 29
6584 1 16
6586 0 15
6587 0 7
6588 1 16
6589 0 9
6590 1 11
6592 1 16
6593 0 10
6594 0 11
6595 1 21
6596 0 15
6597 1 11
6598 0 10
6599 0 11
6600 0 11
6601 1 21
6603 0 8
6605 1 7
6608 1 11
6609 1 17
6612 1 9
6613 0 7
6614 0 4
6615 0 10
6616 0 4
6617 0 8
6619 0 7
6620 0 6
6621 1 11
6624 0 7
6626 1 11
6627 1 18
6628 0 11
6630 0 8
6631 0 11
6633 0 15
6634 1 18
6635 0 11
6636 0 19
6637 0 4
6638 0 8
6639 1 17
6640 0 9
6641 0 8
6642 0 13
6644 0 9
6645 0 17
6647 0 9
6649 0 6
6652 1 24
6653 0 26
6654 1 13
6655 0 6
6656 1 10
6657 0 3
6658 0 9
6659 1 23
6660 0 13
6661 0 9
6662 0 7
6663 0 5
6665 0 16
6666 0 10
6668 1 15
6669 0 11
6670 0 10
6671 0 8
6673 0 10
6674 0 8
6675 1 31
6676 1 13
6677 0 11
6679 0 3
6682 0 7
6683 1 16
6685 0 16
6687 0 7
6689 0 7
6690 1 13
6691 1 13
6692 0 9
6693 0 8
6694 0 7
6695 0 20
6696 0 12
6697 1 19
6699 0 4
6700 0 3
6701 0 17
6702 1 6
6703 1 18
6704 0 8
6705 1 21
6706 0 12
6707 0 5
6709 1 17
6710 0 8
6711 0 10
6712 1 11
6713 0 11
6714 1 13
6715 0 11
6716 0 3
6718 1 17
6719 0 4
6720 1 13
6721 1 21
6723 0 7
6724 0 12
6725 0 16
6726 0 9
6727 0 11
6728 0 7
6729 1 18
6731 0 23
6732 0 14
6733 0 13
6736 1 11
6737 1 13
6738 0 9
6739 0 12
6741 0 8
6742 0 11
6744 0 9
6745 1 6
6746 1 11
6747 1 22
6748 0 9
6749 0 12
6750 0 7
6751 1 14
6752 0 14
6753 0 9
6754 0 7
6755 0 11
6758 0 14
6759 0 11
6760 0 9
6763 0 10
6764 0 13
6766 0 12
6767 0 8
6768 1 13
6769 0 4
6770 1 13
6771 0 34
6772 0 11
6773 1 11
6774 0 9
6775 0 7
6776 0 9
6779 0 15
6781 0 8
6783 1 28
6784 0 7
6785 0 18
6786 0 7
6787 1 12
6788 0 8
6789 0 14
6790 1 19
6792 0 9
6793 1 18
6794 1 27
6795 0 7
6796 0 9
6797 0 17
6798 1 12
6799 1 26
6800 0 12
6801 0 7
6802 0 8
6805 0 8
6806 0 10
6808 0 3
6809 1 11
6810 0 33
6812 1 10
6813 0 9
6814 0 10
6815 0 17
6817 0 7
6818 1 11
6819 0 8
6821 0 4
6822 0 8
6823 0 12
6824 0 16
6825 0 8
6826 0 19
6827 1 14
6828 0 17
6829 1 12
6830 0 7
6831 0 24
6832 0 17
6833 1 13
6834 0 11
6835 1 15
6836 1 10
6837 0 6
6839 1 13
6840 1 11
6842 0 9
6844 0 3
6845 0 6
6846 0 7
6848 0 8
6852 1 18
6853 0 14
6854 0 7
6855 1 26
6856 1 16
6857 1 16
6858 0 10
6860 1 50
6861 1 8
6862 0 8
6863 1 12
6864 1 16
6865 0 11
6866 0 8
6867 1 13
6868 1 14
6870 0 7
6871 1 11
6872 0 7
6874 1 30
6875 0 19
6876 1 12
6877 0 4
6878 0 19
6881 0 12
6883 1 15
6884 0 6
6885 0 11
6886 0 31
6889 0 8
6890 0 11
6891 0 24
6892 0 21
6895 0 6
6896 1 8
6897 0 11
6898 0 16
6899 1 12
6901 0 16
6902 0 17
6905 0 17
6908 1 23
6909 0 8
6910 0 9
6911 1 15
6912 0 7
6913 1 11
6915 0 19
6916 0 10
6917 0 9
6918 0 11
6920 1 11
6921 0 9
6922 1 21
6923 1 37
6924 0 11
6925 0 10
6926 0 9
6928 1 21
6929 1 24
6930 0 14
6931 1 11
6932 1 8
6933 0 15
6934 0 10
6935 1 11
6936 1 11
6937 0 9
6938 0 10
6939 1 16
6941 0 6
6942 1 11
6943 0 16
6944 0 6
6945 1 13
6949 0 16
6951 0 9
6952 1 15
6953 0 9
6954 0 7
6955 0 13
6956 0 8
6957 0 34
6958 0 9
6959 1 11
6960 1 14
6961 1 8
6962 1 17
6963 0 3
6964 0 8
6965 0 10
6966 1 9
6968 0 11
6969 1 14
6970 0 9
6971 1 11
6972 0 16
6973 0 8
6974 0 9
6975 0 10
6976 0 11
6977 0 19
6978 1 17
6979 0 3
6980 0 17
6981 1 19
6982 0 7
6983 0 6
6984 1 13
6985 0 7
6987 1 16
6989 0 21
6990 1 13
6991 0 6
6992 0 9
6995 1 16
6996 0 10
6997 1 15
6998 0 11
7000 0 8
7002 0 7
7003 0 10
7004 1 9
7005 0 9
7006 1 17
7007 1 12
7009 0 11
7010 0 11
7011 1 12
7012 0 7
7014 1 14
7015 1 10
7016 0 27
7018 1 12
7021 0 14
7022 0 18
7025 0 11
7026 0 5
7027 0 9
7028 0 7
7029 0 11
7030 0 6
7031 0 9
7032 0 17
7033 0 11
7034 0 9
7035 0 17
7036 0 8
7038 0 9
7039 0 10
7040 0 3
7041 1 32
7042 1 14
7045 0 11
7046 0 9
7047 1 12
7048 1 11
7049 0 11
7052 0 18
7053 0 10
7054 1 31
7055 0 11
7056 1 21
7057 0 17
7058 0 8
7059 0 26
7060 0 37
7061 0 7
7062 0 29
7063 0 7
7065 1 31
7066 0 8
7067 0 8
7069 1 11
7070 0 13
7071 1 18
7072 0 10
7073 0 11
7074 0 11
7075 0 13
7076 1 13
7077 0 13
7078 0 8
7079 1 7
7080 1 14
7081 0 10
7082 1 16
7083 1 7
7084 1 18
7085 1 18
7087 0 8
7088 1 14
7090 0 10
7091 1 15
7092 1 12
7093 0 8
7094 0 12
7095 1 23
7096 1 16
7097 0 12
7098 0 8
7099 1 11
7100 1 13
7101 0 11
7102 0 13
7103 0 18
7104 0 10
7105 0 11
7106 0 8
7107 1 19
7108 1 8
7109 0 9
7110 0 16
7111 0 16
7112 1 21
7114 0 30
7115 0 12
7116 1 17
7117 0 9
7118 0 14
7119 1 18
7120 1 29
7121 1 19
7123 1 11
7124 1 11
7125 1 24
7126 0 7
7127 0 9
7128 1 12
7129 0 6
7130 1 12
7131 0 11
7132 0 7
7133 0 6
7136 0 4
7137 0 9
7138 1 23
7139 0 22
7140 0 9
7141 1 32
7142 0 10
7144 0 11
7145 0 8
7146 1 11
7147 0 46
7148 0 9
7150 1 17
7151 0 9
7152 0 11
7153 0 7
7154 0 8
7155 1 12
7156 1 16
7157 0 9
7158 0 7
7159 0 6
7160 0 8
7161 0 11
7162 0 4
7163 0 21
7164 0 23
7165 1 8
7166 0 9
7167 0 8
7168 0 14
7169 0 12
7170 0 7
7171 0 10
7172 0 3
7173 1 14
7175 0 24
7177 0 3
7179 0 8
7181 0 11
7182 0 4
7183 0 7
7184 0 8
7185 0 10
7186 1 17
7187 0 9
7188 1 23
7189 1 14
7190 1 18
7191 1 11
7192 1 13
7193 1 29
7194 0 8
7195 1 15
7197 0 8
7199 0 10
7201 1 16
7202 0 9
7203 0 11
7204 0 7
7205 1 13
7206 0 8
7208 0 11
7210 0 29
7211 0 10
7213 1 21
7214 1 22
7215 0 8
7216 1 14
7217 0 12
7218 0 4
7220 0 16
7221 0 6
7222 0 8
7224 0 8
7225 0 9
7226 0 10
7227 0 8
7228 1 7
7230 0 7
7231 0 9
7232 0 9
7233 0 7
7234 0 13
7236 1 21
7238 0 6
7239 0 10
7241 0 8
7242 0 8
7243 0 8
7245 1 24
7246 0 11
7247 0 12
7248 0 4
7249 0 11
7250 1 11
7251 0 8
7252 0 9
7253 0 10
7254 1 26
7255 1 11
7256 0 4
7257 0 11
7258 0 10
7259 1 11
7260 0 11
7261 0 11
7262 0 3
7263 0 15
7264 0 6
7265 0 11
7266 0 4
7267 1 11
7268 1 13
7269 1 7
7270 1 7
7271 1 22
7273 0 16
7274 1 23
7275 0 7
7276 1 11
7277 1 17
7278 0 11
7279 1 12
7281 0 17
7282 1 36
7283 0 6
7284 1 20
7285 0 9
7289 0 5
7293 1 11
7294 0 7
7295 0 8
7296 0 9
7298 1 22
7299 0 11
7300 1 11
7301 0 10
7302 0 22
7305 0 13
7306 0 14
7307 0 16
7308 0 3
7309 0 23
7310 0 9
7311 1 17
7313 0 7
7314 0 16
7315 0 6
7316 0 7
7318 0 13
7319 0 8
7320 0 28
7321 1 18
7322 1 17
7323 0 14
7324 0 6
7325 1 20
7326 1 8
7327 0 9
7328 0 8
7329 0 11
7330 0 11
7331 0 17
7332 0 15
7333 0 9
7334 0 11
7335 0 11
7336 0 11
7337 0 8
7338 1 19
7339 0 10
7341 0 10
7343 0 20
7344 0 10
7345 0 10
7346 0 9
7347 0 7
7348 0 9
7349 0 9
7351 0 10
7352 1 16
7353 1 10
7356 1 12
7357 1 20
7358 0 9
7359 1 18
7362 1 18
7363 0 2
7364 1 11
7365 0 10
7366 1 11
7367 0 16
7368 0 8
7369 0 7
7370 0 3
7371 0 11
7372 0 15
7375 1 30
7376 0 16
7377 0 19
7378 0 5
7379 1 11
7380 0 11
7381 0 9
7383 1 16
7384 0 11
7386 0 20
7388 0 4
7389 0 11
7390 0 10
7391 0 8
7392 0 8
7393 0 18
7394 1 15
7395 0 10
7397 1 21
7398 0 4
7399 1 11
7400 1 12
7401 0 6
7403 1 14
7404 1 24
7406 0 11
7407 0 41
7408 1 11
7409 0 11
7411 1 12
7413 0 10
7415 0 11
7416 0 6
7417 1 38
7418 0 21
7419 0 11
7420 1 21
7421 0 26
7423 0 20
7424 0 10
7425 0 13
7427 0 11
7429 1 23
7430 0 10
7431 1 19
7432 1 10
7433 1 11
7435 0 8
7436 1 33
7437 0 17
7438 0 7
7439 0 7
7440 0 8
7441 0 14
7442 1 26
7443 1 35
7444 0 15
7445 0 16
7446 0 6
7447 0 7
7448 1 12
7449 0 9
7450 0 7
7452 0 10
7454 1 14
7455 1 10
7456 0 10
7457 0 9
7459 0 7
7460 0 7
7462 0 10
7463 0 8
7464 1 12
7465 0 16
7466 0 7
7467 0 3
7468 0 8
7469 1 11
7470 0 8
7472 1 14
7474 0 3
7475 0 16
7476 0 15
7477 1 13
7478 0 23
7480 1 16
7486 0 9
7487 1 11
7489 0 3
7490 1 13
7491 0 11
7492 0 7
7493 0 10
7494 0 30
7496 1 16
7497 0 17
7498 0 11
7500 1 13
7501 0 6
7504 1 15
7505 1 20
7506 0 3
7507 0 11
7510 0 31
7511 0 13
7513 0 22
7514 0 11
7515 0 16
7516 0 9
7517 0 6
7519 0 13
7520 1 15
7522 1 11
7523 1 17
7525 0 11
7527 0 11
7528 0 8
7529 0 16
7532 1 17
7533 1 50
7534 0 10
7535 1 13
7536 1 13
7538 0 8
7539 0 9
7540 0 11
7541 1 10
7542 1 19
7543 0 9
7544 1 11
7545 0 11
7546 1 18
7548 1 8
7549 1 12
7551 0 18
7552 0 7
7554 0 7
7555 0 17
7556 0 11
7557 0 14
7558 0 8
7559 1 11
7560 0 10
7561 0 9
7562 0 29
7564 1 15
7566 1 15
7567 1 13
7568 0 9
7569 0 19
7570 0 10
7571 0 8
7572 0 11
7575 0 10
7576 1 29
7577 0 6
7578 0 10
7579 0 9
7580 0 11
7581 0 16
7585 1 28
7586 0 8
7587 0 10
7588 0 12
7589 1 22
7590 1 22
7591 0 15
7592 0 7
7593 1 15
7594 0 7
7597 0 21
7598 1 13
7599 1 20
7602 0 10
7603 0 11
7604 0 11
7606 1 17
7607 0 8
7609 0 9
7610 0 15
7611 0 25
7612 1 23
7614 0 15
7615 0 11
7616 0 11
7617 0 12
7618 1 16
7619 0 9
7620 1 14
7621 1 12
7622 1 23
7623 1 11
7625 0 7
7626 1 13
7628 0 12
7629 0 8
7630 0 7
7631 0 8
7632 1 17
7633 1 15
7634 0 3
7635 0 15
7636 1 18
7637 0 11
7638 0 12
7643 0 7
7644 0 7
7645 1 6
7646 0 6
7647 0 6
7648 1 10
7649 1 17
7650 0 21
7651 1 16
7652 0 9
7653 0 9
7654 0 10
7656 0 5
7657 0 16
7658 0 9
7659 0 6
7660 0 8
7661 0 8
7662 0 7
7663 0 10
7664 1 12
7665 0 11
7666 0 9
7667 0 6
7668 1 34
7669 0 13
7670 0 11
7671 0 5
7672 1 13
7673 0 11
7674 1 17
7675 0 6
7676 0 10
7677 1 11
7678 0 16
7679 1 14
7680 0 7
7681 0 13
7682 0 10
7683 0 22
7685 0 7
7686 0 8
7687 1 7
7689 0 9
7691 0 19
7692 0 9
7693 0 10
7695 1 14
7697 0 7
7698 0 7
7699 0 11
7700 0 10
7701 0 3
7702 1 11
7703 0 17
7704 0 38
7705 0 3
7706 0 22
7707 0 28
7709 0 11
7710 1 12
7711 1 16
7712 0 33
7713 0 7
7714 0 9
7715 0 11
7717 0 10
7718 1 24
7719 0 10
7720 0 5
7721 0 5
7724 1 31
7726 1 13
7727 1 54
7728 0 9
7731 0 10
7733 1 8
7734 1 19
7735 0 3
7737 0 17
7738 0 10
7739 0 8
7740 0 15
7741 1 24
7742 0 4
7744 0 9
7745 0 32
7746 1 11
7747 0 9
7748 0 7
7749 1 23
7752 1 14
7753 1 13
7754 0 6
7755 0 7
7756 1 16
7757 1 8
7758 0 7
7759 0 7
7760 0 25
7761 0 10
7762 1 11
7763 0 10
7764 1 22
7766 0 11
7767 0 42
7768 0 8
7769 1 15
7770 0 16
7771 1 26
7772 0 11
7773 1 17
7774 0 10
7775 1 24
7776 0 13
7777 0 9
7778 0 4
7779 0 9
7780 0 8
7781 0 10
7782 0 8
7783 0 12
7784 0 10
7785 0 4
7786 1 9
7790 0 13
7792 0 9
7793 1 11
7794 0 11
7795 0 13
7796 0 10
7797 1 15
7798 0 4
7799 0 11
7800 0 11
7801 1 10
7802 0 7
7803 1 30
7804 0 15
7805 1 11
7806 0 13
7807 0 16
7808 1 17
7809 0 12
7810 1 24
7811 0 8
7812 0 9
7813 0 8
7815 0 8
7817 0 11
7818 0 13
7819 0 10
7821 0 34
7822 0 6
7823 0 9
7824 0 16
7825 1 15
7828 1 49
7829 0 11
7830 0 6
7831 1 15
7833 0 12
7834 1 15
7835 0 9
7836 0 6
7837 1 16
7839 1 15
7840 0 11
7842 0 11
7843 0 18
7844 1 18
7845 1 31
7846 1 18
7847 0 11
7849 0 12
7852 0 9
7853 0 8
7854 0 3
7855 0 8
7856 0 8
7858 0 10
7859 1 14
7861 1 7
7862 0 6
7863 0 10
7864 1 18
7865 0 19
7866 1 15
7867 0 12
7868 0 7
7869 0 3
7870 0 9
7871 0 18
7872 0 3
7873 0 8
7874 1 13
7875 0 10
7876 0 35
7877 1 11
7878 0 10
7880 0 7
7881 0 6
7882 0 15
7883 1 14
7884 0 3
7885 0 10
7886 0 9
7888 0 16
7889 1 23
7890 0 3
7891 1 24
7892 0 18
7893 1 13
7895 0 11
7896 1 16
7897 0 10
7899 1 12
7901 0 10
7903 0 13
7905 0 9
7906 1 13
7908 1 13
7909 0 8
7911 0 10
7912 0 9
7913 1 11
7914 0 6
7915 0 10
7916 1 12
7917 0 17
7918 1 11
7920 0 17
7921 0 6
7922 0 10
7923 1 12
7924 0 11
7925 0 11
7926 0 9
7927 1 18
7928 1 20
7929 0 10
7930 0 9
7932 0 7
7933 0 11
7934 0 6
7936 0 14
7937 1 18
7938 0 6
7939 0 9
7940 0 11
7941 0 16
7942 1 47
7943 0 2
7944 1 12
7945 0 18
7946 0 9
7947 0 13
7950 0 15
7951 1 9
7952 0 11
7953 0 14
7956 0 3
7957 0 10
7958 0 27
7959 0 10
7960 1 2
7961 0 11
7962 0 10
7963 0 11
7964 0 17
7965 0 11
7966 1 12
7967 0 11
7968 0 10
7969 0 17
7971 0 11
7972 0 15
7973 0 20
7974 0 7
7975 1 18
7976 1 16
7977 0 10
7978 1 19
7979 1 9
7981 1 17
7982 1 11
7983 0 7
7984 0 6
7985 1 11
7986 0 8
7988 0 11
7989 1 11
7992 1 21
7994 1 11
7995 1 12
7996 0 9
7997 0 10
8000 0 7
8001 0 9
8002 0 11
8003 0 3
8004 0 9
8005 0 7
8007 1 12
8008 1 28
8009 1 9
8010 0 10
8011 0 11
8012 0 5
8013 0 10
8014 1 12
8015 1 21
8016 0 7
8017 0 3
8018 0 9
8019 1 25
8020 0 23
8021 0 8
8022 0 11
8023 0 13
8024 1 22
8025 0 21
8026 1 16
8027 0 9
8029 0 11
8030 1 10
8031 0 8
8032 0 16
8033 1 12
8034 0 11
8037 1 12
8040 0 21
8041 0 8
8045 0 9
8046 0 8
8047 0 17
8049 0 11
8050 0 11
8051 0 25
8052 0 7
8054 1 13
8055 0 9
8056 0 9
8059 1 18
8060 1 10
8062 0 9
8063 0 13
8064 0 9
8065 1 15
8066 0 10
8068 0 15
8069 1 22
8071 0 7
8072 0 7
8074 0 16
8076 1 15
8077 0 9
8078 1 24
8079 0 9
8080 0 10
8081 0 10
8084 1 13
8086 0 3
8088 1 12
8091 0 7
8093 1 16
8094 0 8
8095 0 10
8096 0 10
8097 1 11
8098 0 10
8099 0 7
8100 1 16
8101 1 18
8102 0 5
8103 0 12
8104 1 20
8105 0 10
8106 0 4
8107 1 13
8109 0 25
8110 0 8
8111 1 21
8113 0 3
8114 0 4
8115 1 14
8116 0 6
8117 1 17
8118 1 8
8119 1 44
8120 1 6
8121 0 11
8122 0 4
8123 0 8
8124 0 10
8125 1 14
8128 0 9
8129 0 5
8130 0 19
8131 0 14
8132 0 22
8133 1 12
8135 0 10
8137 0 8
8138 1 22
8140 0 23
8141 0 11
8142 0 10
8143 0 24
8144 1 7
8145 0 7
8146 0 6
8147 1 14
8148 1 10
8149 0 3
8150 1 22
8151 0 16
8153 0 8
8154 0 24
8155 0 11
8156 1 11
8157 0 9
8158 0 9
8161 0 10
8162 1 7
8163 0 13
8164 1 29
8165 0 10
8166 0 9
8167 0 9
8168 0 7
8169 1 7
8170 0 9
8171 0 13
8172 0 3
8173 0 3
8174 1 11
8175 1 12
8178 0 16
8179 0 10
8180 0 9
8181 0 17
8184 0 7
8185 0 9
8186 1 50
8187 0 10
8188 0 9
8189 0 9
8191 1 11
8192 0 19
8193 0 10
8194 0 17
8195 0 7
8196 0 10
8197 0 3
8198 0 3
8199 1 12
8200 0 6
8203 0 6
8205 1 18
8209 0 11
8210 0 3
8211 1 11
8212 0 10
8213 0 7
8215 0 9
8216 0 6
8217 0 11
8218 0 10
8219 0 7
8221 0 11
8222 0 9
8223 0 11
8224 0 11
8225 0 3
8227 0 32
8228 0 18
8229 1 35
8231 0 10
8232 0 10
8236 0 8
8237 0 12
8238 0 8
8239 0 9
8240 0 8
8241 0 3
8242 0 8
8246 0 9
8247 0 9
8248 0 7
8250 1 16
8251 1 20
8252 1 16
8254 1 22
8256 1 17
8257 0 28
8258 1 12
8259 1 9
8260 0 9
8261 1 11
8263 0 8
8264 0 14
8265 1 12
8266 0 16
8267 0 4
8268 1 11
8269 0 7
8271 1 14
8272 0 10
8273 0 24
8274 1 28
8276 0 14
8277 0 10
8278 0 8
8279 1 11
8281 0 11
8282 0 10
8283 0 9
8284 0 7
8285 0 3
8286 0 16
8287 1 3
8288 0 21
8290 1 12
8292 0 9
8293 0 9
8295 0 11
8296 1 19
8297 1 11
8298 0 9
8299 1 10
8300 0 7
8301 0 6
8302 0 8
8303 1 43
8304 0 8
8305 0 10
8306 0 10
8307 1 19
8308 1 23
8309 1 17
8310 0 11
8311 1 19
8312 0 7
8313 0 1
8314 0 10
8315 1 15
8316 0 8
8317 0 11
8319 0 8
8320 0 6
8321 0 10
8322 1 8
8323 1 12
8324 0 11
8326 0 9
8327 1 40
8329 0 10
8330 0 6
8332 0 10
8333 1 11
8334 0 7
8335 0 16
8336 0 13
8337 0 7
8338 0 6
8340 0 7
8343 1 16
8344 0 16
8345 0 13
8346 1 13
8347 0 10
8349 1 12
8350 1 17
8351 0 8
8352 0 6
8353 0 6
8354 0 16
8355 0 10
8356 0 17
8357 1 14
8358 1 17
8359 1 18
8360 0 10
8361 0 3
8362 0 10
8363 0 20
8364 0 12
8365 0 9
8368 1 13
8370 1 13
8371 0 35
8372 1 19
8373 0 9
8374 0 7
8375 0 9
8376 0 8
8377 0 7
8378 0 7
8379 0 10
8380 0 41
8383 0 24
8384 1 20
8385 0 13
8386 0 3
8388 0 11
8389 0 10
8391 0 15
8392 0 26
8393 0 9
8394 0 9
8395 0 9
8397 0 9
8398 1 21
8399 0 8
8402 1 6
8403 0 20
8404 0 16
8405 0 10
8406 1 15
8407 0 8
8408 0 11
8409 0 16
8410 0 7
8411 1 18
8412 1 17
8413 1 15
8415 0 6
8416 0 9
8417 0 6
8419 0 8
8420 0 7
8422 1 18
8423 1 14
8424 0 8
8425 1 16
8426 0 7
8427 0 7
8428 0 11
8429 0 4
8430 0 12
8432 0 7
8433 0 8
8434 1 10
8435 1 16
8436 0 10
8437 0 9
8438 1 10
8441 0 12
8442 0 8
8443 1 12
8444 0 16
8445 0 12
8446 0 20
8447 0 3
8448 0 16
8449 1 17
8450 0 11
8451 0 13
8452 0 11
8453 0 19
8456 1 14
8457 0 16
8459 1 9
8460 0 9
8461 0 4
8462 0 16
8463 1 16
8465 1 23
8466 1 22
8467 0 5
8468 0 10
8469 1 12
8470 1 7
8471 0 9
8472 0 14
8473 0 15
8474 0 3
8476 0 17
8477 0 3
8479 0 10
8481 0 12
8482 0 11
8484 0 5
8485 0 7
8486 0 8
8487 0 10
8488 0 8
8489 0 10
8490 0 11
8491 0 16
8492 0 7
8493 0 4
8494 0 3
8495 1 8
8496 1 11
8498 0 8
8500 0 10
8501 0 10
8502 0 20
8503 0 7
8505 0 7
8506 0 19
8509 0 9
8510 1 15
8511 0 10
8512 0 14
8513 0 8
8514 1 8
8515 1 23
8516 1 10
8517 0 7
8518 0 9
8519 0 8
8520 0 4
8521 0 9
8522 0 8
8523 0 5
8525 0 2
8526 1 10
8527 0 8
8528 1 17
8529 1 17
8530 0 7
8531 0 10
8535 0 8
8536 1 14
8537 0 13
8538 0 10
8539 0 10
8540 0 17
8543 0 7
8546 1 33
8547 0 9
8548 0 9
8550 0 14
8551 0 15
8553 0 14
8554 1 11
8557 1 10
8558 0 13
8559 1 39
8560 0 8
8561 0 15
8562 1 17
8563 0 10
8564 0 8
8566 1 12
8568 0 9
8569 0 40
8570 0 10
8571 0 3
8572 1 11
8574 0 16
8575 0 10
8576 0 6
8577 0 18
8578 0 9
8579 0 6
8580 0 18
8581 1 16
8582 1 13
8583 1 11
8584 0 12
8585 0 8
8586 0 11
8587 1 10
8588 0 11
8589 1 31
8590 1 11
8591 0 9
8592 0 10
8593 0 10
8594 0 11
8595 0 3
8596 0 7
8598 1 11
8599 0 11
8600 0 11
8601 0 9
8602 0 7
8603 0 10
8605 1 12
8606 1 13
8607 0 8
8609 0 9
8611 0 16
8612 1 9
8613 1 16
8614 0 4
8615 0 11
8616 0 18
8617 0 5
8618 0 23
8619 0 5
8620 0 19
8621 0 9
8622 1 8
8623 1 11
8625 1 15
8627 0 7
8629 0 20
8630 0 7
8631 0 23
8632 0 8
8633 0 7
8634 0 25
8635 0 15
8636 0 11
8637 0 10
8638 0 7
8639 0 7
8640 0 8
8641 0 15
8642 0 23
8644 0 7
8645 1 11
8646 0 10
8647 0 11
8648 0 11
8650 0 8
8651 1 22
8652 1 15
8653 0 11
8654 0 10
8655 1 18
8656 1 11
8657 0 8
