0001 0 6
0002 0 8
0003 0 9
0004 0 11
0005 1 16
0008 1 14
0009 0 10
0011 0 9
0012 0 10
0013 1 17
0014 1 11
0015 0 10
0016 1 22
0017 0 16
0019 0 9
0022 0 7
0023 0 9
0024 0 8
0026 1 13
0027 0 10
0028 0 3
0029 1 9
0031 0 35
0032 0 21
0033 0 8
0034 0 10
0036 0 3
0037 0 13
0038 0 11
0039 1 11
0040 1 16
0041 0 10
0042 0 16
0046 0 8
0049 0 9
0050 0 10
0052 1 12
0053 0 10
0054 1 26
0055 0 30
0056 1 13
0057 0 9
0058 0 9
0059 0 7
0061 1 18
0062 0 10
0063 0 10
0064 0 8
0066 0 7
0067 0 11
0068 0 7
0069 0 9
0071 0 7
0072 0 11
0073 0 8
0074 0 8
0076 0 20
0079 1 21
0080 0 10
0082 0 19
0084 0 15
0085 0 9
0086 0 8
0087 0 15
0088 1 11
0089 0 16
0090 0 22
0091 0 8
0092 0 14
0093 0 7
0094 0 15
0095 0 11
0096 0 9
0097 0 9
0098 0 10
0101 0 7
0102 0 17
0103 0 10
0105 1 16
0106 0 7
0107 0 7
0112 0 18
0113 0 3
0114 1 3
0115 1 28
0116 0 9
0117 0 16
0118 0 15
0119 0 8
0120 0 7
0121 0 3
0122 0 8
0123 0 10
0124 0 16
0125 0 7
0126 0 21
0127 0 7
0130 0 18
0131 0 9
0133 0 8
0134 0 12
0135 0 10
0136 0 19
0138 0 7
0139 0 9
0140 0 8
0141 0 8
0142 0 7
0144 0 31
0145 1 23
0146 1 14
0147 1 11
0150 0 11
0151 0 8
0152 1 16
0153 0 7
0154 1 11
0156 1 22
0157 0 7
0158 0 10
0159 0 10
0160 1 11
0161 0 3
0162 0 7
0163 0 9
0164 1 10
0165 1 25
0166 0 16
0167 0 7
0169 1 9
0170 1 15
0171 1 9
0172 0 10
0173 0 14
0174 0 9
0175 1 11
0176 0 4
0177 0 9
0178 0 6
0179 0 9
0182 0 3
0183 0 3
0185 0 9
0186 0 2
0188 0 10
0189 0 7
0191 1 14
0193 0 11
0194 0 6
0195 0 9
0196 0 9
0197 1 13
0199 0 16
0200 1 14
0201 0 7
0202 0 9
0204 0 8
0205 1 16
0206 0 7
0207 0 5
0208 0 17
0211 0 8
0212 0 7
0213 0 8
0214 1 13
0215 0 9
0216 1 12
0217 0 14
0218 0 17
0219 0 11
0220 0 7
0221 0 8
0222 1 12
0223 0 5
0224 0 10
0225 1 21
0226 0 6
0227 0 29
0228 1 18
0229 0 17
0230 1 11
0231 1 11
0232 0 7
0233 0 9
0234 0 9
0235 1 12
0236 0 10
0237 1 13
0238 0 8
0240 0 10
0241 1 17
0242 0 18
0245 0 11
0246 0 9
0247 0 9
0248 1 21
0249 0 12
0250 0 3
0252 0 11
0255 0 8
0256 0 10
0257 0 10
0258 0 10
0259 0 7
0260 1 16
0261 0 10
0264 0 3
0265 0 10
0267 0 12
0268 0 22
0270 1 11
0273 0 7
0274 0 9
0275 1 11
0276 1 23
0277 0 9
0278 0 6
0279 0 11
0280 1 15
0281 1 14
0282 0 7
0283 0 8
0284 0 6
0285 0 6
0286 0 11
0287 0 4
0288 0 19
0289 0 12
0290 1 16
0291 0 6
0292 0 16
0293 0 9
0296 0 4
0297 1 13
0300 0 10
0301 1 9
0304 0 8
0305 0 9
0306 0 11
0307 1 18
0308 0 7
0309 0 13
0310 0 11
0311 1 19
0313 0 12
0314 0 10
0315 1 23
0316 1 18
0318 0 10
0319 1 42
0320 1 12
0322 1 18
0324 0 9
0325 0 10
0326 0 7
0328 0 15
0329 1 11
0330 0 29
0331 0 11
0332 0 10
0333 0 10
0335 0 9
0338 0 12
0339 0 16
0340 1 21
0341 0 8
0342 0 8
0343 0 16
0344 1 13
0345 0 6
0346 0 13
0347 1 14
0348 0 11
0349 0 8
0350 0 18
0351 0 22
0352 1 15
0353 0 8
0354 0 14
0355 0 11
0356 0 13
0357 1 3
0358 1 12
0359 0 6
0360 0 10
0361 0 15
0363 1 23
0364 1 9
0365 1 30
0366 0 8
0367 0 6
0368 0 5
0371 1 17
0373 0 7
0374 0 11
0375 0 19
0376 1 13
0377 0 9
0378 1 25
0379 0 15
0380 0 27
0381 1 9
0382 0 10
0383 0 7
0384 1 13
0385 0 10
0386 0 11
0387 0 8
0388 0 9
0389 1 22
0390 0 7
0392 0 8
0394 0 9
0395 0 9
0396 0 8
0397 1 10
0398 1 17
0400 0 9
0401 1 8
0402 0 16
0403 0 7
0404 1 13
0405 0 10
0406 0 3
0407 0 17
0408 0 9
0409 0 9
0410 0 7
0412 0 11
0413 0 9
0415 0 11
0417 0 18
0418 0 13
0419 0 23
0421 0 10
0422 0 7
0425 0 7
0427 1 11
0428 0 15
0429 0 10
0430 0 8
0431 1 26
0433 0 8
0434 1 13
0436 1 7
0437 0 10
0438 0 3
0439 0 11
0440 1 13
0441 0 9
0443 0 9
0444 1 12
0445 1 18
0446 0 9
0447 0 16
0448 0 16
0449 1 16
0451 0 11
0452 1 17
0453 1 15
0456 0 5
0457 0 7
0458 1 11
0459 1 22
0460 0 10
0461 0 46
0462 1 16
0466 0 8
0467 1 11
0468 1 11
0469 0 10
0470 0 7
0473 0 6
0475 0 6
0476 0 8
0477 0 16
0478 0 16
0479 0 10
0480 0 5
0481 0 9
0483 0 11
0484 1 12
0485 0 16
0486 0 11
0487 0 6
0488 0 15
0489 1 21
0490 0 7
0492 1 14
0493 0 21
0494 0 4
0495 0 11
0497 0 7
0498 1 15
0499 0 9
0500 0 17
0502 0 8
0504 0 9
0507 0 11
0508 0 12
0509 0 7
0510 0 11
0511 0 11
0512 0 15
0513 0 24
0514 1 10
0515 1 11
0516 0 15
0517 1 11
0518 0 8
0519 0 9
0520 1 7
0521 0 10
0522 0 7
0524 1 16
0525 1 16
0526 0 9
0527 0 14
0528 0 19
0529 0 19
0530 0 7
0531 1 11
0532 0 4
0533 0 10
0534 1 17
0535 1 12
0536 0 10
0537 0 8
0539 1 23
0540 0 7
0541 0 10
0542 0 10
0543 0 10
0545 1 20
0546 0 12
0547 1 10
0548 0 7
0549 0 9
0550 0 11
0551 1 18
0552 1 33
0553 1 13
0554 0 9
0556 1 14
0557 1 11
0558 0 7
0559 0 7
0560 0 7
0561 0 8
0562 0 7
0563 0 7
0565 0 7
0567 0 11
0568 0 8
0569 1 6
0570 1 11
0571 0 10
0572 0 11
0573 1 15
0574 0 10
0576 0 9
0577 0 10
0578 0 11
0579 0 6
0580 0 9
0581 1 23
0582 0 7
0583 1 23
0584 0 14
0585 0 8
0586 1 22
0587 0 7
0588 0 4
0589 0 11
0590 0 23
0591 0 23
0592 0 10
0593 0 6
0595 1 11
0596 0 11
0597 1 34
0598 0 14
0599 0 18
0600 1 11
0601 1 11
0602 0 6
0603 0 8
0604 0 7
0605 0 4
0606 0 23
0607 0 26
0608 0 7
0609 0 5
0610 0 10
0611 0 22
0612 1 8
0613 1 15
0614 1 10
0615 0 9
0616 0 10
0617 1 4
0618 1 13
0619 0 10
0620 0 3
0621 0 9
0622 0 9
0623 0 7
0624 1 17
0625 1 12
0628 1 11
0629 0 10
0630 0 3
0631 0 13
0632 1 15
0634 1 15
0635 0 8
0636 0 10
0637 0 5
0638 0 4
0639 1 16
0641 1 16
0642 1 15
0643 0 10
0644 0 7
0645 0 11
0646 1 6
0648 0 11
0649 0 13
0650 0 9
0652 0 13
0653 0 16
0655 1 13
0656 1 12
0657 1 13
0658 1 15
0659 0 8
0660 0 9
0661 1 17
0662 1 29
0663 0 22
0665 1 23
0669 0 10
0670 1 11
0671 0 11
0672 0 12
0673 0 11
0675 0 16
0676 0 11
0677 0 7
0678 1 10
0679 0 3
0680 0 10
0681 0 18
0682 1 17
0683 0 9
0684 0 8
0685 0 15
0687 1 22
0688 0 6
0692 0 10
0693 0 4
0694 1 18
0696 1 11
0697 0 9
0699 0 15
0700 0 17
0701 1 22
0702 1 11
0703 0 6
0704 0 10
0705 1 30
0706 0 3
0707 0 9
0708 1 25
0709 1 11
0710 0 7
0711 0 7
0712 0 13
0713 1 13
0714 1 12
0716 0 12
0717 1 13
0718 0 8
0719 0 14
0720 0 8
0721 1 19
0722 0 8
0723 0 3
0724 1 16
0725 1 32
0726 0 7
0727 0 8
0728 0 10
0729 1 8
0730 0 7
0732 0 9
0733 0 8
0735 0 7
0736 0 11
0737 1 10
0738 0 8
0739 1 19
0740 0 9
0742 0 7
0743 0 16
0744 0 8
0745 1 22
0746 0 8
0747 0 10
0748 1 20
0750 1 17
0752 0 7
0753 0 8
0755 1 10
0756 0 14
0757 1 11
0758 0 11
0761 0 21
0763 1 13
0764 0 9
0765 0 4
0767 1 20
0768 0 14
0771 1 13
0772 0 7
0773 0 8
0774 0 18
0775 0 16
0776 0 3
0777 0 10
0779 0 23
0780 0 10
0781 0 9
0782 0 7
0783 0 14
0784 0 16
0785 1 18
0786 1 25
0787 0 7
0788 0 10
0790 1 22
0791 0 19
0792 0 13
0793 1 22
0795 0 16
0796 0 3
0797 0 11
0798 1 19
0799 1 16
0800 1 24
0801 0 6
0802 0 22
0803 0 7
0804 1 11
0805 1 14
0806 0 21
0807 0 7
0808 0 7
0809 0 6
0810 0 3
0811 0 7
0812 1 20
0813 0 16
0814 1 28
0815 1 23
0817 0 9
0818 0 3
0820 1 15
0821 0 11
0822 0 7
0823 0 11
0824 0 10
0825 0 7
0826 0 7
0828 1 11
0829 0 16
0830 0 20
0831 0 8
0832 0 8
0833 0 10
0834 0 11
0835 1 17
0837 0 11
0838 0 14
0839 1 15
0841 0 16
0842 0 13
0843 1 11
0844 0 11
0846 1 8
0847 0 7
0848 0 16
0849 1 12
0850 0 21
0851 0 8
0853 0 18
0854 1 11
0855 0 36
0856 1 10
0857 0 21
0860 1 22
0861 0 23
0863 0 8
0864 1 11
0866 0 12
0867 0 22
0868 0 16
0869 0 8
0870 0 50
0871 0 10
0873 1 17
0874 1 19
0875 0 9
0876 0 8
0877 0 16
0879 0 4
0880 1 25
0881 0 7
0882 0 8
0883 1 23
0884 0 5
0885 0 3
0886 0 7
0888 0 15
0889 0 16
0890 0 11
0891 0 10
0892 0 2
0893 0 15
0894 0 10
0896 0 15
0897 0 9
0898 0 4
0899 0 9
0900 0 11
0902 0 7
0903 0 9
0904 0 19
0907 0 6
0908 1 13
0909 1 16
0911 1 11
0912 0 24
0913 1 11
0915 1 9
0918 0 11
0920 0 16
0921 1 14
0922 1 28
0923 1 9
0924 1 19
0925 1 14
0927 0 7
0928 0 11
0929 1 23
0932 0 7
0933 1 11
0935 0 8
0936 0 7
0937 0 8
0938 0 8
0939 0 11
0940 0 19
0941 0 7
0942 1 12
0944 0 12
0945 0 7
0947 0 7
0948 0 8
0949 0 7
0950 0 8
0951 1 18
0952 0 9
0953 1 14
0955 0 20
0956 1 15
0957 0 19
0958 1 12
0959 0 8
0960 0 7
0961 0 10
0962 1 16
0963 0 17
0964 0 10
0965 1 17
0966 0 11
0967 0 9
0968 0 7
0969 0 11
0973 0 11
0974 0 10
0976 1 17
0978 1 13
0979 0 11
0981 1 27
0982 1 24
0983 1 14
0984 0 11
0985 0 9
0986 0 11
0988 0 7
0989 0 16
0991 0 23
0992 1 17
0993 0 9
0994 0 10
0995 0 10
0996 1 11
0997 0 9
0998 0 11
0999 0 7
1000 0 8
1001 1 11
1002 0 3
1003 0 4
1004 0 11
1005 1 21
1006 0 11
1007 0 11
1009 0 7
1010 0 9
1011 0 9
1012 0 9
1015 1 14
1016 0 20
1017 0 7
1018 1 11
1020 0 8
1021 0 14
1022 0 8
1023 1 13
1026 0 4
1028 0 9
1029 0 11
1030 1 13
1031 0 24
1032 0 25
1033 1 23
1034 0 7
1035 0 9
1036 1 13
1037 0 11
1039 0 11
1040 1 15
1041 1 13
1043 0 8
1044 0 8
1045 0 9
1046 0 6
1047 1 11
1048 0 11
1049 1 21
1051 0 15
1052 0 10
1053 0 10
1054 0 22
1055 0 11
1057 0 3
1058 0 18
1061 1 28
1062 0 6
1063 0 8
1064 0 2
1065 0 8
1066 0 9
1068 0 11
1069 0 11
1070 0 15
1071 0 9
1072 0 15
1073 1 16
1074 0 9
1075 0 14
1077 0 10
1078 1 31
1080 0 8
1081 0 16
1084 0 17
1085 0 7
1087 0 11
1088 1 13
1089 0 17
1090 0 15
1091 0 9
1092 0 11
1094 0 9
1095 0 14
1096 0 11
1097 1 17
1098 1 18
1099 0 9
1100 1 11
1101 1 12
1102 0 8
1107 0 10
1108 0 7
1110 1 17
1112 0 3
1113 0 10
1114 0 12
1115 1 9
1116 0 11
1117 1 16
1119 0 8
1120 1 12
1122 1 10
1123 0 9
1124 1 13
1125 0 10
1126 0 10
1127 0 11
1128 1 12
1131 0 9
1132 0 14
1133 0 10
1134 1 17
1135 0 9
1136 0 16
1137 1 21
1139 0 26
1141 0 7
1142 0 10
1143 0 7
1144 0 2
1146 0 6
1147 0 4
1149 0 11
1150 0 9
1152 0 10
1154 0 16
1155 0 8
1157 0 16
1159 0 21
1162 1 16
1163 0 10
1165 1 9
1166 0 8
1167 0 8
1169 1 21
1170 0 8
1171 0 11
1172 0 17
1173 1 13
1174 0 7
1175 1 15
1176 1 13
1178 1 22
1180 0 9
1183 0 7
1185 0 11
1187 0 8
1188 0 7
1189 0 11
1190 0 9
1191 0 15
1192 0 12
1194 0 8
1195 0 7
1198 0 6
1199 1 13
1200 0 11
1202 0 11
1203 0 7
1204 1 23
1206 0 10
1207 1 12
1208 0 15
1209 0 8
1210 0 27
1211 0 7
1214 1 11
1215 0 10
1216 0 9
1217 1 7
1218 1 7
1219 1 15
1220 1 13
1221 0 11
1222 0 10
1223 0 6
1224 0 8
1225 0 8
1226 0 11
1228 1 13
1229 0 9
1230 0 10
1231 0 11
1233 0 8
1234 0 16
1235 0 13
1236 0 11
1237 0 9
1238 0 16
1239 0 6
1240 0 8
1241 0 10
1242 0 3
1243 1 13
1244 0 8
1246 1 31
1247 1 14
1248 1 11
1249 0 8
1250 0 18
1251 0 13
1252 0 8
1254 0 9
1255 0 10
1256 0 31
1258 0 9
1259 1 17
1260 0 10
1261 0 49
1262 1 20
1263 0 16
1264 1 11
1265 0 11
1266 0 9
1267 0 9
1268 0 8
1270 1 21
1271 0 8
1272 0 10
1273 0 11
1274 0 12
1275 1 13
1276 0 9
1277 0 16
1278 0 12
1280 0 10
1281 0 12
1282 0 35
1283 0 7
1284 0 5
1285 0 18
1286 0 9
1287 0 51
1288 1 14
1289 0 7
1290 0 8
1291 0 9
1292 1 38
1295 1 18
1296 0 9
1297 1 16
1299 1 14
1300 0 6
1301 0 10
1302 0 8
1304 0 11
1305 0 16
1306 0 7
1308 0 9
1310 0 6
1311 0 10
1312 0 11
1317 0 7
1318 0 9
1321 0 6
1323 0 8
1324 0 10
1326 0 7
1328 0 28
1330 0 11
1331 0 13
1332 0 4
1335 0 3
1336 1 7
1337 0 16
1338 0 7
1339 0 14
1340 1 8
1342 0 9
1343 0 9
1344 0 15
1345 1 10
1346 0 10
1347 0 7
1348 0 26
1349 1 12
1351 1 18
1352 1 11
1354 0 8
1355 1 21
1356 0 9
1357 0 9
1358 0 8
1359 0 11
1360 0 8
1362 1 17
1364 0 12
1366 1 7
1368 0 7
1375 0 9
1376 0 15
1377 0 24
1378 0 4
1380 1 10
1381 0 13
1382 0 13
1383 0 10
1386 1 22
1387 0 14
1388 0 13
1390 0 4
1392 0 10
1393 0 10
1394 0 4
1395 0 10
1396 0 9
1397 0 7
1398 0 9
1399 0 7
1401 1 23
1402 0 7
1403 1 23
1404 0 7
1405 0 9
1406 1 16
1407 0 21
1408 0 18
1409 0 10
1410 0 22
1411 0 11
1412 1 19
1414 0 9
1415 0 10
1416 1 20
1417 1 13
1418 0 8
1419 0 33
1420 0 9
1421 0 11
1422 0 4
1424 1 16
1425 0 12
1426 0 8
1427 0 8
1428 0 7
1429 0 11
1430 1 13
1431 0 7
1432 0 3
1433 0 9
1434 0 13
1435 0 11
1436 0 16
1437 0 10
1439 0 9
1440 0 11
1441 0 7
1442 0 7
1443 0 11
1444 0 34
1445 0 20
1446 0 15
1447 1 9
1449 0 7
1450 1 15
1451 1 11
1453 0 9
1454 1 8
1455 0 7
1456 0 11
1457 0 13
1459 1 21
1460 0 11
1461 0 8
1462 0 11
1463 0 9
1464 0 8
1465 0 11
1467 0 7
1468 0 7
1469 0 22
1470 0 8
1471 0 11
1472 0 7
1473 0 11
1477 0 21
1478 0 10
1479 0 9
1480 0 11
1481 0 9
1482 0 6
1483 1 10
1484 1 13
1487 0 11
1489 1 19
1490 0 6
1491 0 8
1492 1 11
1493 0 25
1495 0 10
1496 1 23
1497 1 16
1500 1 9
1501 0 9
1502 0 7
1503 0 6
1504 0 10
1505 1 20
1506 0 13
1507 0 13
1508 0 7
1509 0 11
1510 0 7
1511 1 14
1513 0 7
1514 0 7
1515 0 8
1516 0 9
1518 0 17
1519 0 9
1520 0 13
1521 0 10
1522 0 3
1523 0 10
1525 1 47
1526 0 8
1527 0 7
1529 0 16
1530 0 11
1531 0 16
1532 0 11
1534 1 24
1535 0 3
1536 1 19
1537 0 25
1539 1 11
1543 0 11
1544 0 3
1545 0 9
1546 1 25
1547 1 11
1548 0 8
1551 1 15
1552 0 9
1553 0 2
1554 0 7
1556 0 11
1557 0 16
1558 1 17
1559 0 4
1560 0 12
1561 0 9
1562 0 9
1563 1 12
1565 1 16
1566 0 11
1567 0 7
1569 0 9
1570 0 11
1571 0 4
1572 0 9
1573 0 11
1574 0 16
1576 0 11
1577 0 8
1578 0 18
1579 0 14
1580 0 54
1581 1 19
1582 0 3
1585 1 16
1586 0 11
1588 0 3
1590 0 3
1591 0 10
1592 0 29
1593 0 6
1594 0 10
1595 0 16
1597 0 16
1598 0 10
1600 0 7
1601 0 7
1602 0 18
1605 0 18
1606 1 20
1607 0 11
1608 0 17
1609 0 10
1610 0 11
1611 0 7
1612 0 16
1613 0 9
1614 0 20
1615 0 10
1616 0 9
1617 1 12
1618 0 7
1620 1 12
1621 0 7
1622 0 19
1623 0 20
1624 0 13
1625 0 8
1627 0 16
1629 0 18
1630 0 11
1631 1 11
1632 0 8
1633 0 8
1634 1 33
1635 0 8
1636 0 10
1637 0 16
1638 0 3
1639 1 19
1641 1 16
1642 0 16
1644 1 10
1645 0 17
1646 1 11
1647 0 11
1648 0 10
1649 0 7
1650 0 29
1651 0 7
1653 0 17
1654 0 12
1655 0 8
1656 0 8
1657 0 10
1658 0 17
1659 0 9
1661 0 8
1663 0 8
1665 0 9
1666 0 11
1667 1 12
1668 0 9
1670 0 8
1672 0 16
1673 1 24
1674 0 8
1675 0 10
1677 0 7
1678 1 12
1680 0 10
1681 0 11
1682 1 11
1683 0 4
1684 0 23
1685 0 10
1687 0 9
1688 1 11
1689 1 11
1690 0 8
1691 1 16
1692 1 16
1693 1 7
1694 0 8
1695 1 16
1697 0 16
1698 0 9
1700 1 20
1701 0 8
1703 0 10
1704 0 11
1705 0 8
1706 1 11
1707 0 9
1709 0 10
1710 0 8
1711 1 31
1712 0 8
1713 1 12
1714 1 17
1715 0 5
1716 1 11
1719 0 11
1720 1 29
1721 0 16
1722 0 8
1723 1 18
1724 0 9
1725 1 9
1726 0 8
1727 1 12
1729 0 11
1730 0 16
1731 0 8
1732 1 22
1733 0 8
1734 0 10
1735 0 11
1736 0 33
1738 1 36
1739 0 10
1740 0 10
1741 0 9
1742 0 9
1743 0 13
1744 0 7
1745 1 29
1746 0 13
1747 0 9
1748 0 7
1749 0 11
1751 1 17
1752 0 10
1755 0 9
1756 1 25
1757 0 10
1758 0 10
1759 0 8
1764 0 10
1765 1 12
1766 0 9
1767 0 9
1768 0 11
1769 1 14
1771 0 10
1772 1 22
1774 0 6
1776 1 11
1777 0 8
1779 1 16
1780 0 9
1782 0 9
1783 1 15
1784 0 9
1785 1 14
1786 0 4
1787 0 9
1788 1 16
1789 0 11
1790 0 7
1791 0 17
1794 0 16
1795 1 8
1797 0 6
1798 0 11
1799 1 28
1802 1 14
1805 1 16
1809 0 9
1810 0 20
1811 1 16
1812 0 26
1813 0 9
1815 0 14
1816 0 6
1817 0 7
1818 0 6
1819 1 14
1820 0 7
1821 0 14
1822 0 11
1823 0 11
1824 0 10
1826 0 15
1827 0 11
1828 1 6
1829 1 13
1830 0 8
1832 0 15
1833 1 17
1834 1 12
1835 0 4
1837 1 11
1838 0 16
1840 0 8
1841 1 17
1843 1 10
1844 0 10
1845 0 16
1846 0 9
1848 0 5
1849 0 11
1851 0 10
1852 0 17
1853 0 23
1854 0 16
1855 0 4
1856 0 7
1858 1 11
1859 0 10
1860 0 7
1861 0 11
1862 0 10
1863 0 10
1866 0 22
1867 0 10
1869 0 31
1870 0 11
1871 0 10
1874 0 9
1875 1 20
1876 1 18
1877 1 13
1878 0 10
1879 0 8
1880 0 11
1881 0 13
1882 1 19
1883 1 16
1884 0 7
1885 0 10
1886 1 11
1889 0 10
1891 0 8
1892 1 16
1893 1 16
1894 1 11
1895 0 7
1896 1 10
1897 0 11
1898 1 8
1900 0 8
1902 0 10
1905 0 6
1906 0 6
1907 0 8
1908 0 37
1909 1 15
1910 1 28
1911 0 6
1912 0 9
1913 0 10
1915 0 16
1916 0 7
1918 0 22
1919 0 9
1920 0 20
1921 0 8
1923 0 7
1924 0 7
1926 1 8
1927 0 8
1928 0 25
1930 0 9
1931 0 10
1932 1 14
1933 0 9
1934 1 37
1935 0 4
1936 0 17
1937 0 8
1938 0 12
1939 0 10
1940 1 25
1941 1 23
1942 0 10
1943 0 19
1945 0 9
1946 0 11
1947 1 4
1948 0 8
1949 0 3
1950 0 16
1951 1 17
1952 0 9
1953 0 13
1955 0 16
1956 0 8
1957 1 14
1958 0 8
1960 0 11
1961 0 10
1962 1 17
1964 0 9
1965 0 15
1967 1 15
1970 0 7
1971 1 11
1976 0 34
1978 1 11
1980 1 20
1981 0 11
1983 0 10
1984 1 11
1985 1 26
1986 1 15
1987 0 8
1988 0 8
1990 0 10
1991 0 15
1992 0 9
1993 0 8
1994 0 11
1995 0 8
1996 0 11
1997 0 11
1998 0 22
2002 0 9
2003 0 28
2004 0 17
2006 0 9
2007 1 15
2008 1 13
2009 0 8
2010 0 9
2011 0 10
2012 0 16
2015 0 18
2016 0 8
2017 0 7
2018 0 10
2019 0 7
2020 0 11
2021 0 11
2022 1 15
2023 0 11
2027 0 14
2028 0 13
2029 0 7
2031 0 3
2032 0 15
2033 0 10
2035 1 15
2036 0 11
2037 0 11
2038 0 6
2039 0 15
2041 0 16
2042 0 6
2043 0 11
2044 0 7
2045 0 9
2047 0 9
2048 0 7
2049 0 9
2051 0 4
2054 1 11
2055 0 11
2056 0 9
2057 0 12
2058 1 21
2060 0 9
2061 0 7
2062 1 16
2063 0 8
2065 0 7
2066 0 10
2067 1 12
2068 0 8
2069 0 10
2071 0 8
2073 1 15
2074 1 20
2077 0 8
2078 1 13
2079 0 11
2080 0 12
2081 1 23
2082 0 10
2083 0 7
2084 0 9
2085 0 7
2086 0 7
2087 0 18
2089 1 11
2090 0 8
2092 0 8
2093 0 10
2095 0 11
2096 1 11
2097 0 7
2098 1 15
2099 0 7
2100 0 7
2101 0 11
2102 0 19
2103 1 15
2104 0 8
2105 0 8
2106 0 11
2108 1 16
2109 1 12
2110 1 27
2111 0 10
2112 0 10
2113 0 9
2114 0 13
2115 0 12
2117 0 8
2118 1 13
2119 1 16
2120 0 11
2121 0 19
2122 0 17
2123 0 22
2124 0 7
2125 0 9
2126 0 9
2127 1 11
2128 1 12
2129 1 17
2131 1 21
2132 1 22
2133 1 18
2134 0 8
2135 0 11
2136 0 12
2137 0 13
2138 0 11
2139 0 11
2140 0 11
2141 0 9
2142 0 15
2143 0 8
2144 0 34
2145 0 21
2146 0 8
2147 0 9
2148 0 21
2149 0 11
2150 1 15
2151 0 10
2152 0 10
2154 0 24
2155 0 3
2156 0 11
2157 0 3
2159 0 9
2162 0 7
2163 0 10
2167 1 17
2168 0 4
2169 0 7
2171 0 11
2172 0 10
2173 1 16
2174 0 7
2175 1 12
2176 1 29
2179 1 15
2180 0 2
2182 0 10
2183 0 28
2184 0 7
2186 0 15
2187 0 3
2188 0 8
2190 0 7
2191 1 12
2192 1 33
2194 0 8
2195 1 15
2196 0 16
2197 0 10
2198 0 7
2199 0 7
2200 1 16
2201 1 14
2202 0 6
2203 0 10
2204 0 8
2205 1 11
2206 1 8
2208 0 10
2209 0 7
2210 1 15
2212 0 11
2214 0 10
2215 0 11
2216 0 10
2217 0 9
2218 0 3
2219 0 9
2220 1 17
2221 0 12
2222 1 17
2223 0 11
2224 0 8
2225 1 22
2226 1 12
2227 0 10
2228 1 11
2229 1 25
2231 0 3
2232 1 17
2233 0 7
2234 0 10
2235 0 13
2236 0 10
2237 1 18
2238 0 23
2239 0 7
2240 0 11
2241 0 6
2242 0 10
2243 0 14
2244 0 9
2245 0 9
2246 0 9
2247 1 6
2248 0 11
2251 0 9
2253 1 41
2254 1 11
2256 1 19
2259 0 26
2260 0 7
2261 0 8
2262 0 9
2263 1 28
2264 0 17
2266 0 16
2267 1 10
2268 0 7
2271 0 8
2273 1 15
2274 0 9
2275 0 9
2276 0 8
2277 0 11
2280 0 6
2281 0 10
2282 0 39
2283 0 7
2284 0 5
2285 0 11
2286 0 16
2287 0 8
2288 0 10
2289 0 8
2292 0 21
2294 0 8
2295 0 11
2296 1 14
2297 0 10
2298 0 10
2299 0 18
2300 1 11
2301 0 16
2303 1 12
2304 0 7
2306 1 24
2307 0 8
2308 0 12
2309 1 12
2310 0 7
2311 0 13
2312 0 10
2313 1 11
2314 1 36
2315 0 9
2316 0 8
2317 1 28
2318 0 8
2319 0 7
2321 1 26
2324 0 9
2325 0 20
2326 0 29
2327 0 6
2328 1 10
2329 0 11
2331 0 7
2332 0 16
2333 0 11
2335 1 43
2336 1 16
2337 0 20
2338 0 12
2339 0 7
2341 0 9
2342 0 22
2343 0 8
2344 0 11
2345 0 11
2346 1 16
2348 0 8
2349 0 16
2350 0 8
2352 0 7
2353 0 3
2356 1 15
2357 1 13
2358 1 15
2360 0 10
2361 0 10
2362 0 9
2363 1 19
2364 0 11
2365 0 9
2366 0 9
2367 0 14
2368 1 16
2370 1 11
2371 0 16
2372 0 15
2373 0 8
2374 0 15
2375 0 10
2376 0 8
2377 0 9
2378 0 2
2379 0 15
2382 1 14
2383 0 11
2385 0 32
2386 0 10
2387 0 15
2388 1 14
2389 1 17
2390 0 17
2392 0 10
2393 0 8
2394 0 6
2395 0 12
2396 1 34
2397 0 8
2398 0 9
2399 0 7
2400 1 7
2401 0 7
2403 0 9
2405 1 12
2406 1 29
2407 0 9
2408 0 10
2409 0 6
2411 1 12
2412 0 11
2413 1 24
2414 0 8
2415 0 6
2416 0 10
2417 1 21
2418 0 16
2419 0 9
2421 1 17
2422 0 10
2423 1 8
2424 0 24
2425 1 42
2426 1 11
2427 0 13
2428 0 9
2429 0 21
2430 0 10
2433 0 6
2434 0 12
2435 0 9
2436 1 7
2440 1 10
2442 0 16
2445 0 7
2446 0 3
2447 0 9
2448 0 11
2449 1 19
2450 0 8
2451 0 3
2452 1 6
2453 0 4
2454 0 11
2456 0 14
2457 0 7
2458 0 9
2460 0 9
2461 0 8
2462 0 10
2463 0 15
2464 0 16
2465 1 10
2467 0 7
2468 0 11
2469 1 18
2470 0 16
2471 0 11
2472 0 14
2473 0 8
2474 0 9
2475 0 7
2476 1 16
2477 0 9
2478 0 10
2479 0 10
2481 0 21
2482 0 6
2483 1 15
2484 0 8
2485 0 6
2486 0 18
2487 0 8
2488 0 10
2490 0 10
2491 0 34
2492 1 13
2493 0 9
2497 1 15
2498 0 49
2499 1 31
2500 0 11
2501 0 11
2503 1 11
2504 0 3
2505 1 13
2506 1 13
2508 0 8
2509 1 6
2511 0 7
2512 1 11
2513 1 15
2515 0 11
2516 0 8
2517 1 16
2518 0 8
2519 0 6
2520 1 17
2521 1 12
2522 0 3
2524 0 6
2525 1 14
2526 0 15
2527 1 12
2528 0 8
2529 0 8
2530 0 11
2531 1 13
2532 1 9
2533 0 18
2534 0 7
2535 0 17
2536 0 9
2538 0 16
2540 1 11
2542 0 13
2543 0 10
2544 1 13
2545 1 11
2546 0 14
2547 0 8
2548 0 9
2549 0 10
2550 0 8
2552 0 6
2553 1 17
2556 0 7
2557 0 23
2559 0 10
2560 0 8
2561 0 18
2563 1 10
2564 0 3
2566 1 11
2567 0 16
2568 0 17
2569 1 8
2570 0 11
2571 0 8
2572 0 12
2574 0 10
2575 0 8
2576 1 16
2577 0 9
2578 0 4
2580 0 7
2581 1 7
2582 0 7
2583 0 7
2584 1 11
2585 0 16
2586 1 21
2588 0 11
2589 0 31
2591 0 28
2592 1 21
2593 0 6
2594 0 7
2596 0 7
2597 1 21
2601 0 8
2602 0 7
2603 0 8
2604 1 20
2605 1 36
2606 1 10
2607 0 17
2608 1 5
2609 0 16
2610 1 11
2611 1 23
2612 1 12
2614 0 3
2615 1 11
2618 0 16
2619 1 13
2620 0 14
2622 1 29
2623 1 17
2625 0 9
2626 1 20
2627 1 23
2628 0 9
2629 0 10
2630 1 16
2631 0 19
2633 0 24
2634 1 19
2635 0 10
2636 0 21
2638 1 22
2639 0 10
2640 0 8
2641 0 12
2642 0 8
2643 0 11
2644 1 11
2645 0 22
2646 0 7
2647 0 16
2648 0 13
2649 0 8
2651 0 9
2652 1 10
2654 0 18
2655 0 3
2656 1 8
2657 0 8
2658 1 18
2659 1 16
2661 0 10
2662 0 11
2663 0 10
2665 1 8
2666 0 6
2667 1 12
2669 1 10
2670 0 7
2671 1 19
2672 0 11
2674 1 17
2675 0 15
2678 0 7
2679 0 16
2680 1 12
2682 1 13
2683 0 6
2684 1 31
2685 0 7
2686 0 7
2687 0 5
2688 0 9
2689 0 9
2690 0 16
2691 0 7
2692 1 18
2693 0 22
2694 0 8
2696 0 22
2697 1 12
2699 0 6
2700 0 15
2701 0 11
2702 1 13
2703 1 16
2704 0 7
2705 0 8
2706 0 6
2708 0 9
2709 1 14
2710 1 12
2712 1 11
2714 0 8
2715 0 10
2716 0 10
2718 0 8
2719 0 6
2720 1 12
2722 0 9
2723 1 22
2724 0 5
2725 1 14
2729 1 17
2730 1 12
2731 0 3
2732 0 11
2734 0 7
2735 0 6
2736 1 17
2737 0 22
2738 0 8
2739 0 7
2740 0 10
2741 0 16
2742 1 13
2743 1 17
2744 1 3
2746 1 11
2747 1 10
2748 0 11
2749 0 6
2750 0 11
2751 0 10
2752 1 15
2753 0 10
2754 0 10
2755 0 9
2757 1 14
2758 0 8
2760 0 14
2761 1 19
2762 0 9
2763 0 12
2764 1 12
2765 1 16
2766 1 12
2767 1 18
2768 0 9
2769 0 16
2770 0 9
2771 1 11
2773 1 11
2774 1 14
2775 0 10
2777 0 7
2778 0 10
2780 1 32
2781 1 11
2782 1 7
2783 0 16
2784 1 17
2785 0 47
2786 0 30
2787 1 24
2788 0 13
2789 0 6
2790 1 13
2792 0 3
2793 0 9
2794 0 10
2795 0 7
2796 0 5
2797 0 7
2798 0 8
2799 0 9
2800 1 16
2801 1 11
2802 0 10
2803 0 24
2804 0 17
2805 0 17
2806 0 29
2807 0 15
2808 0 3
2809 0 9
2810 1 19
2811 0 7
2812 0 8
2813 0 8
2814 0 8
2815 1 25
2817 0 8
2818 0 10
2819 0 9
2821 1 12
2822 0 20
2823 0 7
2824 1 12
2825 1 11
2826 0 10
2827 1 17
2828 0 11
2829 0 11
2831 0 6
2834 0 11
2835 0 9
2836 0 17
2837 0 10
2838 0 5
2839 0 12
2840 0 12
2843 1 12
2844 0 8
2845 0 11
2847 1 7
2848 0 15
2850 0 10
2851 0 4
2852 1 12
2853 0 9
2854 1 15
2855 1 23
2856 0 10
2857 0 10
2858 0 16
2859 0 11
2860 0 12
2861 0 10
2862 0 10
2864 1 23
2865 1 16
2866 0 7
2867 0 15
2868 0 13
2869 0 7
2870 0 8
2871 0 6
2872 0 9
2873 0 9
2874 0 4
2875 0 9
2876 0 12
2877 0 17
2878 1 21
2879 0 5
2880 1 15
2881 0 38
2882 0 10
2884 0 16
2885 1 29
2886 0 7
2887 1 40
2888 1 3
2889 0 8
2890 0 10
2891 1 11
2893 0 9
2894 0 8
2895 1 20
2896 0 10
2897 1 23
2898 1 15
2900 0 10
2901 0 9
2902 0 14
2903 0 9
2905 0 10
2906 0 9
2909 0 8
2910 0 15
2911 0 6
2912 0 13
2913 0 20
2914 1 21
2918 0 15
2919 1 11
2920 0 9
2921 0 44
2922 0 8
2923 0 26
2925 0 13
2926 0 9
2927 0 16
2928 1 19
2929 0 8
2930 1 14
2931 0 17
2932 0 11
2933 0 11
2934 0 7
2935 0 24
2936 0 10
2937 0 9
2938 0 3
2939 1 16
2940 0 23
2942 1 20
2943 0 7
2944 0 16
2945 1 12
2946 0 29
2947 1 14
2948 0 8
2949 0 10
2950 0 11
2951 0 12
2953 1 13
2954 0 11
2955 0 17
2956 1 23
2957 0 11
2958 0 7
2959 0 10
2960 1 19
2961 0 6
2962 0 7
2963 0 6
2964 1 24
2965 0 8
2966 0 14
2967 0 7
2968 1 22
2969 0 14
2970 1 42
2972 0 7
2973 1 15
2974 0 11
2975 1 11
2976 0 7
2977 0 18
2978 1 18
2980 0 17
2981 0 6
2982 1 7
2984 0 9
2985 0 11
2986 0 7
2987 0 9
2988 0 9
2989 1 13
2990 1 16
2991 0 12
2992 0 9
2993 1 21
2994 1 11
2996 0 3
2997 0 10
2998 0 4
2999 0 11
3000 0 15
3001 1 29
3002 0 9
3003 0 16
3004 0 6
3005 0 16
3007 0 9
3008 0 4
3010 1 11
3011 0 5
3013 0 4
3014 0 4
3015 0 15
3016 0 9
3017 0 13
3018 0 8
3019 0 7
3020 1 10
3021 0 10
3022 0 10
3023 1 10
3024 1 14
3026 0 16
3027 0 15
3028 0 9
3029 0 19
3031 0 14
3032 1 12
3033 0 2
3036 0 7
3037 0 7
3038 1 28
3039 0 8
3040 1 14
3041 0 9
3043 0 8
3044 0 11
3045 0 8
3046 0 11
3047 0 11
3050 0 8
3051 0 13
3052 0 27
3053 0 9
3054 0 7
3055 0 7
3057 0 17
3058 0 11
3059 1 17
3060 1 14
3061 0 15
3062 0 8
3063 1 11
3064 0 16
3067 0 17
3069 0 10
3070 0 5
3072 0 9
3073 0 10
3074 0 8
3075 0 4
3077 0 16
3078 0 7
3079 0 14
3084 1 16
3085 1 16
3086 0 9
3087 0 7
3089 0 10
3090 1 21
3092 1 16
3094 0 7
3096 0 9
3097 0 11
3098 0 5
3099 0 15
3101 0 12
3102 0 13
3103 1 8
3105 0 8
3106 0 10
3107 0 7
3108 1 16
3109 1 20
3110 0 9
3111 0 7
3112 0 7
3113 0 8
3114 0 28
3117 0 7
3118 0 9
3119 0 14
3120 0 11
3121 0 8
3122 0 11
3123 0 11
3124 0 10
3125 0 11
3126 0 10
3127 1 16
3128 0 8
3129 0 10
3130 0 16
3131 0 3
3133 0 10
3134 0 9
3135 0 41
3137 0 10
3138 1 14
3139 1 9
3140 0 19
3141 0 9
3142 0 9
3144 0 9
3147 0 11
3149 1 11
3150 0 23
3151 1 14
3152 1 16
3154 0 6
3155 0 8
3156 1 29
3157 0 11
3158 1 15
3159 1 18
3160 1 13
3161 0 10
3162 0 42
3163 1 7
3164 0 11
3165 0 10
3166 0 14
3167 0 11
3168 0 12
3169 0 7
3170 0 9
3171 0 3
3172 0 10
3173 0 10
3174 0 7
3175 0 9
3176 0 9
3177 0 17
3179 0 7
3180 0 8
3181 0 19
3182 1 26
3183 0 6
3186 1 9
3187 0 6
3188 0 9
3189 0 50
3191 0 9
3192 0 10
3193 0 39
3194 0 14
3195 1 15
3196 0 10
3198 1 14
3199 0 9
3200 0 7
3201 0 4
3202 1 13
3204 1 7
3205 0 16
3206 0 11
3207 0 16
3208 0 3
3209 0 7
3210 0 5
3212 0 11
3213 1 6
3215 0 9
3216 0 8
3217 1 12
3219 0 10
3220 0 12
3221 1 11
3223 0 7
3224 0 7
3225 1 14
3226 0 7
3227 1 5
3228 1 36
3229 1 13
3230 0 17
3231 0 9
3232 0 8
3233 0 4
3234 0 8
3235 1 11
3236 1 11
3237 0 6
3238 0 9
3239 1 34
3241 0 7
3242 0 8
3245 0 8
3246 0 3
3247 0 11
3248 0 12
3249 0 11
3251 0 7
3252 0 7
3253 1 14
3255 1 37
3256 0 5
3258 0 10
3259 1 16
3260 1 12
3261 0 9
3262 0 9
3263 0 11
3264 1 11
3265 1 13
3266 0 11
3267 0 10
3268 1 16
3269 1 13
3270 0 5
3272 1 16
3273 0 7
3275 0 24
3276 1 23
3278 1 13
3282 0 7
3285 0 6
3286 0 16
3287 0 11
3289 0 11
3291 0 10
3293 0 11
3296 0 11
3297 1 16
3298 0 12
3299 1 17
3301 0 16
3302 0 17
3304 0 7
3305 0 9
3306 1 26
3307 0 8
3308 0 6
3309 0 7
3310 1 12
3311 1 15
3312 0 9
3313 0 8
3314 0 14
3315 1 18
3316 0 8
3317 0 20
3318 0 12
3319 1 13
3320 0 5
3322 0 8
3323 0 7
3324 0 11
3325 0 11
3326 0 7
3327 1 22
3329 1 11
3331 0 11
3332 0 9
3333 0 9
3334 0 10
3335 0 11
3336 1 8
3338 0 3
3339 0 7
3340 0 7
3342 1 9
3343 0 11
3347 0 18
3348 0 11
3349 0 21
3350 0 8
3351 0 3
3352 0 8
3353 1 13
3354 0 7
3356 1 17
3358 0 8
3359 1 11
3360 1 14
3361 0 9
3362 0 11
3363 0 9
3364 0 11
3365 0 4
3366 0 8
3368 0 11
3370 0 18
3371 0 20
3372 0 15
3373 0 12
3374 1 14
3375 0 8
3376 0 9
3377 0 19
3378 0 13
3379 0 9
3380 1 19
3381 0 6
3382 0 7
3383 1 15
3385 0 3
3386 0 27
3387 0 15
3389 0 11
3390 1 14
3392 1 11
3393 0 7
3394 0 11
3395 0 13
3399 1 10
3401 0 16
3402 0 10
3404 0 7
3405 1 13
3406 0 10
3407 0 7
3409 1 11
3410 0 8
3411 1 18
3412 0 10
3414 0 10
3415 1 12
3416 0 10
3417 0 16
3419 1 13
3420 0 8
3421 0 18
3422 1 34
3424 0 7
3426 0 9
3427 0 9
3428 0 8
3429 0 4
3430 0 20
3431 0 8
3433 0 7
3436 1 21
3437 0 19
3438 0 12
3439 0 3
3440 1 19
3441 0 7
3443 0 5
3444 0 11
3446 0 8
3447 1 20
3448 0 3
3451 1 14
3452 1 11
3454 0 8
3455 0 8
3457 0 11
3459 0 16
3460 0 7
3461 0 10
3463 0 11
3465 0 10
3466 0 12
3467 1 12
3468 0 8
3469 0 7
3470 0 10
3471 0 7
3472 0 8
3473 0 9
3475 0 4
3476 1 19
3477 1 17
3478 0 11
3479 0 7
3480 0 9
3481 1 12
3482 1 13
3483 0 11
3484 0 16
3485 0 7
3486 1 17
3487 1 29
3488 0 10
3489 0 3
3491 1 10
3492 0 3
3493 0 7
3494 0 8
3495 0 11
3497 0 16
3498 1 13
3499 0 8
3500 0 8
3501 0 16
3502 0 19
3503 0 9
3504 0 8
3505 0 29
3506 0 10
3507 1 14
3508 1 17
3509 0 6
3510 0 16
3511 1 9
3512 1 14
3513 0 7
3514 0 10
3515 0 11
3516 0 10
3518 0 9
3519 0 16
3521 0 10
3523 1 12
3524 0 7
3525 0 19
3526 1 13
3527 0 11
3529 0 9
3530 0 9
3531 0 7
3532 0 13
3533 0 3
3535 0 10
3536 0 16
3537 0 12
3538 0 9
3540 1 14
3541 1 13
3542 1 11
3544 1 18
3546 1 12
3547 0 7
3548 0 50
3549 0 10
3550 0 9
3551 0 14
3552 1 13
3553 0 8
3555 0 11
3556 1 11
3557 1 15
3560 0 22
3561 0 10
3563 0 9
3564 0 7
3565 0 21
3567 0 11
3569 1 13
3570 0 17
3571 0 11
3573 0 9
3574 0 8
3577 0 10
3578 1 13
3579 0 9
3580 0 7
3582 0 5
3583 0 10
3584 1 23
3586 0 6
3587 1 12
3588 1 14
3589 0 9
3590 0 10
3591 0 9
3592 0 8
3593 1 14
3594 1 12
3595 1 10
3596 0 48
3597 0 10
3598 0 7
3599 0 16
3601 0 8
3602 0 7
3603 0 10
3604 1 7
3605 0 10
3607 1 23
3608 1 9
3610 1 18
3611 1 24
3612 0 8
3613 0 10
3614 0 11
3615 1 43
3616 0 11
3617 1 14
3618 1 11
3619 0 14
3620 1 23
3623 0 8
3625 0 16
3626 0 8
3627 0 8
3628 1 13
3629 0 7
3630 0 26
3632 0 4
3633 1 14
3634 0 11
3636 0 6
3637 0 15
3638 0 10
3639 0 16
3640 1 12
3641 0 9
3642 0 11
3644 0 14
3645 0 8
3646 0 11
3647 0 11
3649 1 21
3650 1 12
3651 1 19
3652 0 12
3653 0 17
3654 0 36
3655 1 4
3656 0 11
3657 0 9
3658 1 12
3660 0 11
3662 0 9
3663 0 8
3664 1 23
3665 0 8
3666 1 13
3667 0 7
3668 0 7
3669 1 11
3670 0 10
3671 0 11
3672 0 9
3673 0 9
3674 0 11
3675 1 15
3676 0 10
3677 0 9
3678 0 17
3679 1 18
3680 0 9
3684 0 9
3685 0 15
3686 0 8
3687 0 10
3688 0 7
3690 1 22
3691 0 5
3692 0 9
3693 1 23
3694 0 8
3695 0 9
3697 1 15
3698 0 7
3700 0 13
3701 0 11
3703 1 27
3706 0 10
3708 0 7
3709 0 11
3710 1 16
3711 1 23
3712 0 20
3713 1 17
3714 0 12
3715 0 9
3716 1 12
3717 0 10
3718 0 17
3719 0 10
3720 0 8
3722 0 11
3723 1 46
3724 1 23
3726 0 9
3727 0 16
3729 0 10
3730 1 11
3731 0 4
3733 0 19
3734 1 16
3735 0 24
3736 0 10
3738 0 9
3742 0 7
3743 0 11
3745 1 21
3747 1 14
3748 0 9
3749 0 10
3750 0 15
3751 0 9
3752 0 14
3753 1 15
3755 1 39
3756 0 8
3758 1 19
3759 0 11
3760 1 15
3761 0 9
3762 0 10
3763 1 11
3764 0 26
3765 1 17
3767 1 15
3768 0 9
3770 0 9
3771 1 18
3772 0 7
3774 0 7
3775 0 8
3776 0 10
3777 0 28
3779 0 8
3780 0 20
3781 0 17
3782 0 8
3783 0 10
3784 0 4
3785 0 17
3787 0 9
3788 1 17
3789 0 11
3790 0 9
3791 0 11
3792 0 5
3793 1 14
3794 1 11
3795 0 16
3796 0 23
3797 1 11
3798 0 11
3799 1 11
3800 0 8
3801 0 26
3802 0 20
3803 0 9
3804 0 20
3805 1 11
3806 0 9
3807 0 6
3808 0 9
3809 0 9
3810 0 4
3811 0 16
3812 0 3
3813 1 50
3814 0 16
3815 0 11
3818 0 11
3819 1 26
3820 0 25
3821 1 11
3822 0 10
3823 0 7
3824 1 27
3825 0 10
3826 1 12
3827 0 7
3828 1 20
3829 0 15
3832 0 11
3834 0 6
3835 0 11
3836 0 22
3837 1 13
3840 1 6
3841 1 42
3842 0 18
3843 0 16
3844 0 39
3845 0 15
3846 1 11
3847 0 3
3849 0 11
3850 0 8
3851 0 12
3852 0 7
3853 0 16
3854 0 9
3855 0 10
3856 0 9
3857 1 13
3858 1 11
3859 1 23
3860 1 17
3861 1 11
3864 0 8
3865 0 7
3866 1 17
3867 0 9
3868 0 8
3870 0 7
3871 0 12
3872 0 6
3873 0 9
3874 0 7
3875 0 9
3876 1 36
3877 0 6
3878 0 31
3879 1 12
3881 1 21
3882 1 8
3883 1 10
3885 0 9
3886 0 12
3887 0 7
3889 0 10
3890 0 6
3891 0 12
3892 0 8
3893 0 17
3895 0 10
3897 1 14
3898 0 10
3899 0 7
3900 1 18
3901 1 15
3902 0 11
3903 0 11
3904 1 11
3905 0 9
3906 0 10
3907 0 3
3908 0 14
3909 0 7
3912 0 28
3913 0 7
3916 0 9
3917 0 7
3918 0 9
3919 0 10
3920 0 8
3922 0 16
3923 0 16
3924 0 8
3926 1 10
3927 1 16
3928 1 11
3929 1 23
3930 0 10
3931 0 3
3932 0 25
3934 0 3
3935 0 8
3936 0 6
3937 1 17
3938 0 9
3939 0 8
3940 0 10
3941 1 35
3942 1 16
3943 0 8
3944 0 5
3946 0 10
3947 1 18
3948 1 21
3949 0 7
3951 1 14
3953 0 8
3954 0 8
3955 0 12
3956 0 9
3957 0 14
3959 1 10
3960 1 14
3961 0 9
3962 0 19
3963 1 16
3964 0 4
3965 0 9
3966 0 16
3967 1 12
3969 0 7
3970 0 8
3971 0 11
3972 0 11
3974 0 11
3975 0 18
3976 1 11
3979 1 11
3980 1 17
3981 0 7
3982 0 20
3984 0 9
3986 0 4
3987 1 13
3988 0 28
3989 0 8
3990 0 11
3991 0 7
3992 0 11
3993 0 9
3995 1 16
3996 0 4
3997 0 22
3998 1 28
4000 0 10
4001 0 7
4002 0 4
4004 0 7
4005 0 11
4006 0 9
4007 1 15
4008 0 9
4009 0 7
4011 0 11
4012 0 10
4013 1 16
4014 1 19
4015 0 14
4016 0 11
4017 0 15
4018 0 5
4019 0 10
4020 1 13
4022 1 15
4023 0 7
4024 0 9
4025 0 14
4026 0 9
4027 0 7
4028 0 10
4029 0 16
4030 1 9
4031 0 11
4034 0 7
4035 1 11
4037 1 25
4038 1 12
4039 0 17
4042 0 7
4043 0 18
4044 0 16
4045 0 14
4049 0 7
4050 0 6
4051 0 12
4052 0 10
4055 1 13
4056 0 7
4057 0 7
4058 0 9
4060 0 12
4061 0 3
4063 0 11
4064 0 9
4065 1 26
4066 0 25
4067 1 12
4068 0 10
4069 0 11
4070 0 15
4071 0 7
4072 0 11
4073 1 19
4074 1 11
4075 0 8
4076 0 7
4077 0 10
4079 0 9
4081 0 7
4082 0 12
4083 1 10
4085 0 20
4086 0 9
4087 0 4
4088 0 6
4090 1 16
4092 0 7
4093 0 7
4094 1 14
4095 1 15
4096 0 3
4097 1 6
4098 1 14
4099 0 7
4100 0 15
4101 0 10
4102 0 12
4103 0 9
4104 0 9
4105 0 16
4108 0 11
4110 1 11
4112 0 11
4113 0 3
4115 0 7
4116 1 14
4117 0 11
4118 0 14
4119 0 7
4121 0 8
4122 0 7
4123 1 24
4124 0 10
4127 0 23
4128 0 7
4129 0 3
4130 0 8
4131 1 10
4132 0 11
4135 0 11
4136 1 34
4137 0 17
4139 0 6
4140 0 5
4141 0 7
4142 1 15
4143 0 11
4144 0 17
4145 0 10
4146 0 4
4148 0 25
4149 0 16
4150 0 16
4151 0 11
4152 0 9
4153 0 9
4154 0 9
4155 0 17
4156 0 4
4157 0 11
4158 0 13
4160 1 14
4161 0 8
4162 1 12
4164 0 10
4165 0 10
4166 0 3
4167 0 7
4168 0 11
4170 1 18
4172 0 16
4174 0 12
4175 0 7
4176 0 7
4177 0 10
4179 0 8
4180 0 4
4182 0 9
4183 0 4
4184 0 10
4185 0 7
4186 0 11
4188 1 10
4189 0 4
4191 0 8
4192 1 16
4194 1 12
4195 0 13
4196 1 25
4197 0 11
4198 0 8
4199 0 11
4200 1 11
4201 0 8
4202 0 20
4205 0 15
4206 0 9
4208 1 18
4209 0 26
4210 1 10
4212 1 7
4213 0 8
4214 0 10
4216 0 8
4217 0 3
4218 0 8
4219 1 19
4220 0 9
4221 0 9
4222 0 19
4223 1 19
4224 1 19
4225 0 18
4226 0 11
4227 0 14
4228 0 10
4229 0 10
4230 0 8
4231 1 14
4234 0 11
4235 1 8
4236 0 7
4237 1 9
4238 0 18
4239 1 28
4240 0 11
4242 0 7
4244 0 11
4246 0 11
4247 1 21
4248 0 9
4249 0 6
4251 0 16
4252 1 11
4253 0 6
4254 0 11
4255 1 12
4256 0 7
4257 0 7
4258 0 9
4259 0 9
4261 0 14
4262 1 12
4264 1 15
4266 1 17
4267 1 21
4268 0 15
4269 1 29
4270 0 11
4271 1 28
4272 0 11
4273 0 7
4274 0 9
4275 0 7
4277 0 24
4278 0 10
4279 0 8
4280 0 3
4281 0 14
4282 0 16
4283 0 10
4285 0 9
4286 1 11
4287 0 9
4288 0 12
4290 0 9
4291 0 9
4292 0 9
4293 0 8
4294 0 9
4295 0 10
4297 0 11
4299 0 3
4300 0 5
4301 1 21
4302 0 8
4303 0 2
4304 1 16
4306 0 15
4308 0 7
4309 0 7
4310 1 14
4311 0 10
4312 0 10
4314 0 11
4315 0 8
4316 0 13
4317 0 8
4318 0 15
4319 0 15
4320 0 7
4321 0 16
4324 1 12
4325 0 9
4326 0 8
4329 1 23
4331 0 3
4333 0 10
4334 1 15
4335 0 12
4336 0 10
4337 0 6
4338 0 8
4339 0 3
4340 0 8
4342 1 11
4345 1 11
4347 0 22
4349 0 10
4350 0 9
4352 1 18
4353 0 12
4354 1 21
4355 0 9
4356 0 14
4357 0 7
4358 1 17
4359 0 10
4360 1 23
4361 0 7
4362 0 10
4363 0 7
4364 0 16
4365 0 8
4366 0 8
4367 0 8
4368 1 11
4370 0 6
4371 1 16
4372 0 9
4373 1 8
4374 0 11
4376 0 11
4377 0 9
4378 1 13
4380 0 9
4381 0 6
4382 0 8
4383 0 19
4384 1 15
4385 0 6
4386 1 16
4387 0 7
4390 1 12
4392 0 3
4393 0 11
4395 0 11
4396 0 17
4398 0 8
4399 0 10
4400 1 29
4402 1 16
4403 0 22
4404 0 16
4405 0 9
4407 1 15
4408 0 8
4409 1 10
4410 1 16
4411 0 9
4412 1 14
4413 0 9
4414 0 3
4415 1 16
4416 1 21
4417 0 7
4418 0 7
4420 0 9
4421 0 13
4422 0 8
4424 1 10
4427 0 16
4428 0 15
4431 1 7
4432 1 12
4433 1 9
4434 1 16
4435 0 34
4436 0 16
4438 0 16
4440 1 14
4441 0 28
4442 0 11
4443 1 11
4444 1 11
4445 1 18
4447 0 7
4448 0 9
4449 1 23
4450 0 8
4451 0 10
4452 1 17
4453 0 4
4454 1 40
4456 1 11
4457 0 3
4458 0 22
4460 0 9
4461 0 10
4462 0 7
4463 1 11
4464 0 6
4466 0 11
4467 0 8
4468 0 11
4470 0 7
4471 0 7
4472 0 9
4473 1 11
4474 0 6
4475 0 12
4476 0 5
4477 0 9
4478 0 10
4479 0 7
4481 1 12
4482 0 10
4483 0 10
4485 0 8
4486 0 17
4489 1 14
4490 0 10
4491 1 16
4492 0 11
4493 0 10
4494 0 7
4496 1 15
4497 0 3
4500 0 27
4501 0 11
4503 0 11
4504 1 10
4505 1 12
4506 0 16
4509 1 25
4510 0 12
4511 0 10
4512 0 11
4513 0 22
4514 0 8
4515 0 7
4516 0 9
4517 0 11
4519 0 9
4520 1 11
4521 0 7
4522 0 5
4524 0 7
4525 0 10
4526 0 10
4527 0 16
4528 1 20
4529 0 37
4531 0 7
4533 1 23
4535 0 17
4537 0 10
4538 0 24
4542 0 11
4544 0 10
4545 0 11
4546 0 19
4548 0 13
4549 1 16
4550 0 8
4551 1 8
4552 0 10
4553 0 7
4555 1 16
4556 0 3
4558 0 7
4559 1 17
4561 0 11
4562 1 33
4563 0 7
4564 0 6
4565 0 8
4566 0 4
4567 0 11
4568 0 10
4570 0 9
4571 0 8
4573 0 8
4574 0 8
4576 1 15
4577 0 8
4578 0 9
4579 0 8
4580 1 18
4581 0 11
4582 1 11
4583 0 8
4584 0 10
4586 0 22
4587 1 19
4588 1 21
4589 0 10
4590 0 9
4591 0 10
4592 0 19
4595 0 16
4596 0 11
4597 0 11
4598 0 13
4599 0 11
4601 0 11
4603 0 7
4604 1 12
4605 0 10
4608 1 10
4609 1 12
4611 0 11
4612 0 5
4614 0 8
4616 0 22
4617 0 11
4620 0 12
4623 0 33
4624 0 7
4625 0 8
4626 0 3
4628 0 4
4629 0 6
4631 0 8
4632 0 9
4634 0 8
4635 0 8
4636 0 17
4637 0 11
4638 1 19
4639 0 16
4640 1 16
4641 0 7
4642 0 8
4644 1 19
4645 0 11
4646 0 16
4647 0 3
4648 0 14
4649 0 10
4651 0 10
4652 1 13
4653 0 9
4654 0 11
4655 0 16
4656 1 11
4657 0 9
4658 0 17
4659 0 11
4660 1 23
4661 1 14
4662 0 5
4664 0 8
4665 0 10
4666 0 9
4667 0 17
4668 0 7
4669 1 14
4670 0 10
4671 0 31
4672 0 12
4673 1 20
4674 0 19
4676 0 7
4677 1 10
4680 1 8
4681 1 11
4682 0 9
4683 0 7
4684 0 3
4685 0 11
4686 0 9
4687 0 9
4688 0 16
4689 0 13
4690 0 14
4692 1 18
4693 1 9
4694 0 7
4695 0 9
4696 0 9
4697 0 7
4699 0 21
4700 0 7
4701 0 13
4702 0 9
4703 0 14
4705 0 10
4706 0 23
4707 0 10
4708 0 7
4710 0 9
4711 0 19
4712 0 8
4713 1 14
4714 0 16
4715 1 12
4716 1 22
4717 1 11
4718 0 15
4720 1 22
4722 0 4
4724 0 7
4725 0 11
4726 0 11
4727 1 18
4728 0 8
4729 0 9
4730 0 11
4732 1 20
4733 0 4
4734 0 11
4736 0 16
4737 0 10
4738 1 12
4739 1 7
4740 1 15
4741 0 9
4742 0 9
4744 0 9
4745 0 11
4746 0 9
4747 0 9
4748 0 7
4749 0 7
4750 1 16
4751 1 26
4752 0 11
4754 0 7
4755 1 39
4756 0 8
4757 0 16
4758 0 11
4759 0 9
4760 1 14
4761 0 23
4763 0 15
4764 0 5
4767 0 9
4768 0 11
4769 1 23
4770 0 8
4772 0 8
4774 0 9
4775 1 9
4776 0 23
4778 0 9
4779 0 10
4780 1 16
4781 0 16
4782 0 8
4783 1 18
4784 1 12
4785 1 10
4787 0 4
4788 0 7
4789 0 9
4790 0 4
4792 0 11
4793 1 18
4794 0 7
4796 0 4
4797 0 10
4799 0 6
4800 0 4
4801 0 11
4802 1 31
4803 0 6
4804 1 15
4805 1 7
4806 0 11
4807 0 7
4808 1 15
4809 0 7
4810 0 3
4811 0 10
4812 0 7
4813 1 17
4814 1 11
4815 0 11
4816 1 13
4818 0 8
4819 0 10
4823 0 8
4825 0 3
4827 0 11
4828 0 11
4829 1 17
4833 1 13
4834 1 37
4837 0 10
4838 0 6
4841 0 10
4842 0 8
4843 0 9
4844 0 12
4845 1 19
4846 0 11
4848 0 9
4851 0 16
4852 1 11
4853 1 11
4855 0 25
4856 0 8
4857 1 41
4858 0 11
4859 0 26
4860 0 8
4861 1 15
4863 1 17
4864 0 7
4866 0 16
4867 0 10
4868 1 19
4869 1 13
4870 0 11
4871 1 28
4873 1 10
4874 0 12
4875 1 19
4876 0 9
4877 1 23
4878 0 8
4879 1 22
4880 1 11
4881 1 32
4882 0 9
4884 1 16
4885 0 8
4886 0 10
4888 0 11
4889 1 12
4890 0 6
4891 0 16
4892 1 14
4893 1 19
4895 1 9
4896 1 16
4898 0 8
4902 0 7
4903 0 8
4904 1 9
4905 0 10
4906 0 16
4907 0 11
4908 1 9
4909 0 11
4910 0 4
4914 0 16
4915 1 13
4916 0 7
4917 1 10
4918 0 34
4920 1 16
4921 1 11
4922 0 8
4923 1 18
4924 0 12
4925 0 13
4927 0 5
4928 1 15
4931 1 17
4932 0 8
4933 0 11
4934 0 8
4935 0 7
4937 0 11
4938 1 9
4939 0 10
4941 1 13
4942 0 11
4943 1 18
4944 1 15
4945 0 7
4946 0 10
4947 0 5
4948 1 11
4949 0 7
4950 0 15
4951 1 15
4952 1 23
4953 1 18
4954 1 12
4955 1 13
4956 0 7
4957 1 19
4958 0 20
4959 0 7
4961 1 14
4962 0 17
4963 1 16
4965 0 16
4966 0 10
4967 0 4
4968 0 18
4969 1 13
4970 0 19
4971 0 13
4972 0 10
4973 1 13
4974 1 21
4975 0 8
4976 0 10
4977 0 16
4978 0 11
4980 1 11
4981 0 7
4984 0 20
4985 1 13
4989 0 12
4990 1 22
4991 0 10
4992 0 9
4993 0 8
4996 1 17
4998 0 9
5000 0 10
5001 0 7
5002 0 11
5003 0 8
5005 0 9
5006 1 20
5008 0 11
5010 0 10
5012 0 8
5013 0 8
5014 1 12
5015 0 8
5016 1 11
5017 0 7
5018 0 3
5019 1 11
5020 1 19
5021 0 6
5022 0 10
5023 1 11
5024 1 34
5025 0 23
5028 1 13
5030 0 9
5033 0 10
5034 0 10
5035 0 8
5036 0 10
5037 0 5
5038 1 15
5039 0 7
5040 1 17
5041 1 16
5042 0 7
5043 0 8
5044 0 7
5045 0 8
5046 0 9
5047 0 29
5048 1 23
5049 0 12
5051 1 22
5052 0 11
5053 0 9
5055 0 5
5056 0 18
5057 0 16
5058 0 22
5059 0 9
5060 1 16
5061 1 19
5062 0 8
5063 1 11
5065 0 9
5066 1 13
5069 0 16
5070 0 17
5072 1 10
5075 0 7
5078 1 11
5079 0 4
5080 1 31
5081 0 10
5082 1 11
5083 1 13
5084 0 8
5085 1 29
5087 0 10
5089 0 7
5090 0 11
5091 0 11
5092 1 15
5093 0 8
5094 0 8
5095 1 10
5096 1 10
5097 0 9
5099 0 7
5100 0 8
5101 0 10
5102 0 21
5103 1 15
5105 0 8
5106 0 8
5107 0 9
5108 0 7
5109 0 19
5110 0 3
5111 0 8
5112 0 11
5113 0 9
5114 1 15
5115 1 21
5116 0 21
5118 0 9
5119 0 10
5121 0 10
5122 1 21
5123 1 20
5124 0 7
5125 0 16
5126 0 19
5127 0 2
5129 1 18
5131 1 14
5132 0 8
5133 0 8
5134 1 14
5135 0 11
5140 0 8
5142 1 22
5143 0 10
5144 0 7
5146 0 23
5149 0 8
5150 0 11
5151 1 15
5152 0 9
5154 0 10
5155 1 14
5156 0 11
5157 1 15
5158 1 13
5159 1 19
5160 0 16
5161 0 9
5162 1 17
5163 0 19
5164 1 22
5165 0 25
5166 1 19
5167 0 7
5169 0 10
5170 1 16
5171 0 9
5172 0 9
5173 0 10
5174 0 7
5175 1 10
5176 0 8
5177 1 14
5178 0 10
5180 0 9
5181 0 21
5182 1 28
5183 0 9
5184 0 8
5186 0 11
5187 0 6
5189 0 13
5190 0 9
5192 0 8
5194 0 8
5195 0 7
5196 1 19
5197 0 8
5198 0 10
5199 0 8
5200 1 28
5201 0 23
5203 0 9
5204 0 10
5205 0 10
5206 0 16
5207 1 22
5208 0 36
5209 0 13
5210 1 22
5211 1 11
5212 0 11
5213 0 7
5214 0 42
5215 1 16
5216 0 16
5218 1 11
5219 0 10
5220 1 11
5221 1 8
5222 0 5
5223 1 10
5224 0 15
5226 0 19
5227 1 14
5228 0 7
5229 1 21
5230 1 9
5231 0 11
5232 0 50
5234 0 10
5235 0 8
5236 0 4
5237 1 22
5238 0 9
5241 0 11
5242 0 11
5243 0 2
5244 0 14
5245 0 8
5246 1 21
5247 0 17
5248 1 17
5249 0 8
5250 0 8
5251 0 7
5252 0 11
5253 1 11
5254 1 13
5255 0 10
5256 0 3
5257 0 20
5258 1 25
5259 0 10
5260 0 7
5262 1 7
5263 0 8
5266 1 10
5267 1 4
5268 1 10
5269 0 4
5270 1 16
5271 0 7
5273 0 3
5274 0 16
5276 0 11
5279 1 10
5280 0 7
5282 0 4
5283 0 14
5284 0 8
5285 1 5
5286 0 6
5288 0 17
5289 0 26
5292 0 8
5294 0 22
5295 0 8
5298 0 5
5299 0 9
5300 1 11
5301 1 13
5302 1 14
5303 0 25
5304 0 8
5305 0 9
5306 0 9
5307 0 7
5308 0 15
5309 0 11
5310 0 7
5311 0 11
5313 0 13
5314 1 20
5315 0 12
5316 1 7
5317 0 10
5318 0 12
5319 1 14
5320 0 11
5321 0 16
5322 1 35
5323 1 26
5324 0 7
5325 0 3
5326 0 11
5327 0 10
5328 1 14
5329 1 18
5330 0 9
5331 0 7
5332 0 18
5334 0 7
5335 0 8
5336 0 9
5337 0 8
5338 0 16
5339 0 8
5340 1 27
5341 0 11
5342 1 11
5343 0 9
5344 0 11
5345 0 9
5346 0 17
5347 1 11
5348 0 3
5349 0 8
5351 0 12
5352 1 21
5353 0 9
5354 0 11
5355 0 16
5356 0 7
5357 1 17
5359 0 10
5360 0 9
5361 0 7
5363 1 13
5364 1 15
5365 1 39
5366 1 22
5367 1 12
5368 0 13
5369 0 6
5371 0 13
5372 1 10
5374 0 4
5375 1 41
5376 0 39
5377 0 5
5378 0 9
5379 0 7
5380 0 20
5381 0 14
5382 1 12
5383 0 11
5384 0 8
5386 0 25
5388 0 2
5389 1 15
5390 0 9
5391 0 16
5392 0 7
5393 0 3
5395 0 10
5396 0 8
5398 0 7
5399 1 19
5401 1 14
5402 0 22
5404 0 9
5405 0 16
5406 1 17
5407 0 50
5408 1 18
5409 1 13
5410 0 13
5412 0 10
5413 0 29
5414 0 25
5415 1 3
5416 1 7
5417 1 19
5418 0 9
5420 0 11
5423 0 10
5425 0 9
5427 0 8
5428 1 14
5429 0 12
5430 1 28
5432 0 6
5433 0 19
5434 0 6
5435 0 11
5436 1 24
5437 1 18
5438 0 20
5439 1 8
5440 0 43
5441 1 16
5442 0 7
5443 1 14
5444 0 10
5445 0 8
5446 1 11
5447 1 16
5448 0 9
5449 0 6
5450 0 3
5451 1 13
5452 0 13
5453 0 16
5454 0 23
5455 0 18
5456 1 11
5457 0 20
5458 0 7
5459 0 16
5460 0 10
5461 0 10
5462 0 10
5465 1 18
5467 0 6
5469 0 11
5470 0 10
5471 0 4
5472 1 13
5473 0 7
5474 1 14
5475 0 10
5477 0 9
5478 1 10
5479 1 19
5481 1 16
5482 1 15
5483 0 7
5484 0 11
5486 0 7
5487 0 7
5488 1 10
5489 0 10
5490 0 10
5491 0 7
5493 1 13
5494 0 4
5497 0 13
5498 0 7
5499 1 11
5500 1 16
5502 1 2
5503 0 10
5504 1 11
5505 0 9
5506 0 10
5507 0 10
5508 1 15
5509 0 10
5510 1 16
5511 1 12
5512 0 4
5513 0 4
5514 0 8
5515 0 8
5516 1 18
5517 0 8
5518 1 18
5519 1 18
5520 0 4
5521 0 16
5523 0 16
5525 0 7
5527 0 17
5528 1 16
5530 1 13
5531 0 4
5532 0 10
5533 1 12
5534 0 10
5535 0 16
5536 0 7
5537 0 7
5538 1 18
5539 1 23
5541 0 4
5543 0 3
5544 0 11
5546 0 8
5547 1 11
5548 0 13
5550 0 7
5552 0 9
5554 0 11
5555 0 7
5556 0 9
5557 1 21
5558 0 12
5559 0 10
5560 0 25
5561 0 14
5562 0 10
5563 0 8
5565 0 7
5566 0 11
5567 0 7
5568 0 17
5569 1 27
5570 0 9
5571 0 8
5572 0 11
5573 1 9
5574 1 15
5575 1 14
5578 0 7
5579 0 10
5580 0 7
5582 1 13
5583 1 12
5584 0 10
5585 1 8
5586 0 17
5587 1 11
5588 1 20
5590 0 12
5591 0 7
5592 0 11
5593 0 12
5594 1 13
5595 0 9
5597 0 18
5598 1 18
5599 1 17
5600 1 21
5601 1 17
5602 0 9
5604 0 7
5605 0 10
5606 0 7
5607 0 11
5608 0 20
5610 0 11
5611 1 11
5612 1 16
5613 0 3
5615 1 30
5616 1 12
5617 0 8
5618 0 10
5619 0 11
5620 0 10
5621 0 10
5622 0 9
5624 0 10
5625 0 22
5626 0 11
5628 0 7
5631 0 23
5633 0 10
5634 0 7
5635 0 7
5636 0 17
5638 0 10
5639 0 10
5640 0 11
5642 0 17
5644 0 10
5645 0 11
5647 0 15
5648 0 23
5649 0 13
5650 0 11
5651 0 7
5652 0 11
5653 0 24
5654 0 8
5655 0 11
5656 0 16
5657 0 8
5658 1 17
5659 1 14
5660 0 15
5661 1 11
5662 0 9
5663 0 9
5664 0 11
5665 0 7
5666 0 11
5667 0 13
5670 0 9
5671 0 6
5672 0 7
5673 0 11
5674 0 13
5675 0 11
5676 0 9
5677 0 12
5679 1 3
5680 0 4
5681 1 12
5685 0 10
5687 0 10
5688 0 15
5690 0 8
5692 0 10
5693 0 7
5694 1 13
5695 0 3
5697 0 8
5698 0 10
5700 0 7
5701 0 25
5702 1 11
5703 0 9
5704 1 16
5705 0 17
5706 0 7
5708 1 13
5709 0 8
5710 1 23
5711 1 17
5712 0 11
5713 1 19
5714 0 7
5715 0 27
5716 0 7
5717 0 6
5718 0 12
5719 0 9
5721 1 21
5722 0 9
5723 0 16
5724 1 19
5728 0 3
5729 0 11
5730 1 11
5731 0 8
5732 1 11
5736 0 7
5737 1 16
5740 0 43
5743 0 16
5744 0 11
5746 0 2
5748 0 19
5749 1 10
5751 0 3
5752 0 8
5753 0 15
5754 1 12
5755 0 3
5756 0 2
5757 0 4
5758 0 9
5759 0 10
5760 0 11
5761 1 42
5762 0 16
5763 0 10
5765 1 23
5766 0 9
5767 0 8
5769 1 11
5770 1 26
5771 0 5
5772 0 7
5773 0 11
5774 0 14
5776 1 18
5777 1 14
5779 0 10
5780 0 10
5781 0 9
5785 1 13
5786 0 6
5787 0 9
5788 1 15
5790 0 36
5791 0 10
5793 0 10
5794 0 10
5795 0 3
5798 0 7
5799 1 15
5801 1 11
5802 0 3
5804 0 19
5807 0 11
5808 0 11
5809 0 7
5812 0 14
5814 0 18
5815 0 7
5816 1 16
5817 1 17
5818 0 11
5819 0 29
5820 0 7
5822 0 7
5823 0 28
5824 1 7
5825 0 11
5826 0 9
5827 0 15
5828 1 17
5829 1 11
5831 0 11
5832 1 11
5833 0 21
5834 0 8
5835 0 35
5836 0 11
5838 0 8
5839 1 11
5840 1 15
5841 0 7
5842 0 7
5843 0 8
5844 0 11
5845 0 9
5846 0 10
5848 0 8
5849 0 9
5850 0 16
5851 0 5
5852 1 35
5853 0 18
5854 0 10
5855 0 3
5856 0 11
5857 0 7
5859 0 16
5860 0 11
5861 1 12
5864 0 8
5865 0 16
5866 1 17
5867 0 7
5868 0 21
5869 0 7
5870 0 11
5871 1 30
5872 0 7
5873 0 9
5874 0 6
5875 0 7
5876 0 6
5877 1 29
5878 0 7
5879 0 7
5881 0 9
5882 0 11
5883 0 9
5884 0 8
5886 0 11
5888 1 14
5889 1 13
5890 0 19
5893 0 13
5894 0 6
5896 1 15
5897 1 16
5898 0 11
5899 1 15
5901 1 13
5903 0 20
5904 1 17
5905 0 9
5907 0 11
5908 0 8
5909 0 6
5910 0 7
5911 0 8
5912 1 26
5913 0 11
5915 0 4
5917 0 8
5918 0 17
5920 0 16
5921 0 8
5922 0 7
5923 0 21
5924 0 33
5925 0 12
5926 0 9
5927 0 11
5928 1 15
5929 0 10
5930 0 6
5931 1 11
5932 0 7
5933 0 11
5934 1 17
5935 0 10
5936 0 10
5937 1 36
5938 0 10
5939 0 8
5940 0 7
5941 0 12
5942 0 10
5943 0 11
5944 1 16
5945 0 8
5946 0 7
5948 0 9
5950 0 8
5951 0 10
5953 0 18
5954 1 13
5955 0 10
5956 0 9
5958 1 12
5959 0 11
5960 0 17
5962 0 8
5963 0 11
5964 1 3
5966 0 6
5967 1 12
5968 0 9
5969 0 10
5970 0 8
5972 0 6
5973 0 10
5974 0 4
5976 1 14
5977 1 12
5978 0 9
5979 0 9
5980 1 31
5981 1 20
5983 0 16
5984 0 16
5985 1 21
5986 1 13
5987 0 3
5988 1 16
5989 0 11
5990 0 8
5991 0 7
5992 1 22
5997 0 7
6000 1 19
6001 1 11
6005 0 4
6006 1 7
6007 0 16
6008 0 5
6009 1 16
6010 0 20
6011 0 14
6012 0 8
6013 0 11
6014 0 9
6015 0 8
6016 0 20
6017 0 10
6018 1 16
6019 0 11
6020 0 23
6021 0 11
6025 0 10
6026 0 9
6027 0 10
6029 1 15
6030 0 29
6033 0 10
6034 0 11
6035 0 9
6036 0 9
6037 0 9
6038 1 11
6039 0 13
6040 0 9
6041 0 15
6042 0 9
6043 0 8
6044 0 9
6045 0 8
6046 1 19
6047 0 2
6048 0 8
6049 0 8
6050 0 10
6051 1 16
6052 0 7
6053 1 13
6054 1 11
6055 1 16
6056 0 13
6057 1 8
6058 0 10
6059 0 10
6060 1 10
6061 0 9
6062 0 8
6064 0 8
6065 0 12
6066 0 17
6068 0 11
6069 0 29
6070 0 15
6071 0 9
6072 1 17
6073 0 23
6075 0 8
6077 1 15
6078 0 9
6079 1 21
6080 1 9
6081 0 8
6082 0 3
6083 0 47
6084 0 33
6087 0 11
6088 0 7
6089 0 3
6090 0 17
6091 0 10
6092 0 11
6093 0 23
6095 1 13
6096 1 11
6097 1 16
6098 0 17
6099 1 16
6100 0 11
6101 0 10
6102 1 10
6103 0 4
6104 0 10
6105 0 13
6106 0 10
6107 1 10
6108 0 11
6109 0 17
6111 0 15
6112 1 14
6113 0 9
6114 0 9
6116 0 7
6118 1 13
6119 0 11
6120 1 11
6122 0 11
6123 0 10
6124 0 7
6125 0 9
6126 0 14
6127 1 17
6128 0 17
6129 0 11
6131 1 10
6132 0 9
6133 1 16
6135 1 12
6136 1 11
6137 0 11
6138 0 6
6141 0 5
6142 0 11
6143 0 18
6144 0 8
6145 0 9
6146 0 8
6147 0 7
6148 0 11
6149 0 10
6150 0 16
6151 1 12
6152 0 23
6153 0 11
6155 0 6
6156 0 8
6157 0 7
6158 0 8
6159 0 16
6160 0 10
6162 1 7
6163 0 17
6164 0 7
6166 0 10
6167 1 23
6168 1 13
6169 0 11
6170 0 9
6171 1 50
6172 0 10
6173 0 11
6174 0 7
6175 0 8
6176 0 11
6178 0 6
6179 1 15
6180 0 12
6181 0 10
6182 0 10
6183 0 7
6184 0 7
6185 0 7
6186 0 7
6187 0 15
6188 0 3
6190 0 8
6191 1 29
6192 1 26
6193 0 8
6194 0 7
6195 0 8
6196 1 11
6198 1 19
6199 0 9
6202 1 3
6203 1 12
6204 0 16
6205 0 17
6206 0 7
6207 0 11
6210 0 3
6211 0 18
6212 1 14
6216 0 8
6217 1 16
6218 0 9
6219 0 10
6220 0 7
6221 0 4
6223 0 8
6225 0 10
6226 0 16
6227 0 16
6228 0 9
6229 0 15
6230 0 3
6231 0 11
6232 1 13
6233 1 9
6235 0 10
6236 0 10
6237 0 16
6239 0 16
6240 0 6
6241 0 17
6242 0 11
6243 0 12
6244 0 19
6245 0 16
6246 1 10
6247 0 3
6248 0 24
6249 1 15
6250 1 18
6251 0 10
6252 0 8
6253 0 11
6254 0 14
6255 1 13
6256 0 16
6257 0 3
6258 0 8
6259 0 7
6261 0 23
6262 0 8
6263 1 11
6264 0 7
6265 0 17
6266 0 6
6267 0 7
6269 0 9
6270 1 34
6271 1 14
6272 0 18
6273 0 2
6274 1 9
6275 0 21
6276 0 9
6278 0 10
6279 1 19
6280 1 14
6281 0 9
6282 0 8
6283 1 17
6285 1 17
6287 0 15
6288 0 10
6289 0 7
6290 0 6
6291 1 16
6293 0 12
6294 0 9
6295 0 8
6299 0 11
6300 0 8
6301 0 9
6302 0 9
6303 0 10
6306 0 11
6307 0 9
6308 0 7
6310 0 18
6311 0 8
6312 0 7
6313 0 4
6316 1 13
6317 0 15
6318 0 9
6319 0 7
6320 1 40
6321 0 3
6322 0 8
6323 0 12
6324 0 10
6327 0 16
6328 1 29
6329 0 6
6331 1 12
6332 0 11
6333 0 11
6334 0 11
6336 0 11
6337 0 8
6338 0 9
6339 0 14
6340 1 14
6341 0 11
6342 0 16
6344 0 3
6345 0 8
6346 0 8
6347 0 18
6348 1 12
6350 1 17
6351 0 11
6353 0 11
6355 0 9
6356 0 10
6357 1 7
6358 0 10
6360 0 17
6362 0 8
6363 0 9
6365 0 10
6366 0 16
6368 1 24
6369 1 16
6370 0 11
6371 0 13
6372 0 29
6373 1 17
6374 0 11
6375 0 8
6376 0 10
6378 1 11
6379 1 10
6380 1 26
6382 0 17
6383 0 11
6384 0 8
6386 1 19
6387 0 7
6388 0 9
6389 0 11
6390 0 7
6391 0 9
6392 0 2
6396 0 11
6397 1 12
6398 1 24
6399 1 13
6400 0 7
6401 0 16
6402 0 10
6403 0 12
6404 0 15
6405 0 7
6407 0 16
6408 0 8
6409 0 8
6410 0 11
6411 0 10
6413 0 10
6414 0 8
6415 0 12
6416 0 26
6417 1 19
6418 0 11
6419 1 12
6420 0 7
6421 0 10
6422 1 7
6424 0 8
6425 0 7
6426 0 10
6427 1 16
6428 1 23
6431 0 17
6432 1 11
6433 0 8
6434 1 12
6435 0 11
6436 0 11
6437 0 11
6438 0 10
6439 0 9
6440 0 15
6441 0 10
6443 0 10
6444 0 11
6445 0 10
6446 0 8
6449 0 3
6450 0 8
6451 1 11
6452 1 26
6453 0 8
6454 1 9
6455 1 18
6456 0 32
6459 0 9
6460 1 23
6461 1 19
6462 0 24
6464 0 8
6465 0 9
6467 1 22
6468 0 8
6469 1 8
6470 0 11
6471 0 5
6472 0 16
6475 0 8
6476 0 10
6477 0 10
6479 0 9
6480 0 19
6481 1 14
6482 0 21
6484 0 9
6485 0 8
6486 1 12
6487 0 3
6488 0 16
6489 0 19
6490 1 29
6491 0 8
6492 0 7
6493 0 5
6494 0 23
6495 0 6
6496 1 20
6497 0 8
6498 0 11
6499 0 10
6500 1 27
6501 0 8
6503 0 9
6504 0 2
6505 0 16
6506 0 11
6507 0 4
6509 0 7
6510 1 11
6512 0 10
6513 0 7
6514 0 9
6515 0 7
6516 0 10
6517 0 7
6518 0 23
6519 1 17
6520 1 12
6521 0 29
6523 0 11
6524 0 8
6525 1 13
6526 0 16
6527 0 17
6528 0 5
6529 1 6
6530 0 17
6532 0 10
6533 0 11
6534 1 14
6535 0 8
6536 1 24
6537 1 12
6538 1 12
6539 0 9
6540 0 6
6541 1 22
6542 0 6
6543 0 7
6545 0 11
6546 0 11
6547 1 26
6548 0 7
6549 0 9
6550 0 8
6551 0 4
6552 0 8
6553 0 11
6554 1 18
6556 1 33
6557 0 23
6558 1 15
6559 1 17
6560 1 21
6561 0 9
6562 0 16
6563 0 18
6564 1 12
6565 0 10
6566 0 16
6567 1 11
6568 0 11
6570 0 17
6571 0 4
6572 0 12
6573 0 3
6574 0 8
6575 0 7
6576 0 16
6578 1 11
6581 0 8
6582 0 10
6583 1 29
6584 1 16
6585 0 15
6586 0 15
6587 0 7
6588 1 16
6589 0 9
6590 1 11
6591 0 2
6592 1 16
6593 0 10
6594 0 11
6595 1 21
6597 1 11
6598 0 10
6599 0 11
6600 0 11
6601 1 21
6602 0 7
6603 0 8
6604 0 17
6605 1 7
6606 0 7
6607 0 7
6609 1 17
6610 0 10
6611 0 18
6612 1 9
6613 0 7
6614 0 4
6615 0 10
6616 0 4
6617 0 8
6618 0 12
6619 0 7
6622 0 7
6623 1 6
6624 0 7
6625 0 7
6626 1 11
6628 0 11
6629 0 7
6631 0 11
6632 0 10
6633 0 15
6635 0 11
6636 0 19
6637 0 4
6638 0 8
6639 1 17
6640 0 9
6641 0 8
6643 0 11
6644 0 9
6645 0 17
6646 1 36
6647 0 9
6648 0 16
6649 0 6
6650 0 10
6651 0 7
6652 1 24
6653 0 26
6656 1 10
6657 0 3
6658 0 9
6659 1 23
6660 0 13
6661 0 9
6663 0 5
6664 0 10
6665 0 16
6666 0 10
6667 1 17
6668 1 15
6669 0 11
6672 0 8
6673 0 10
6674 0 8
6677 0 11
6678 0 23
6679 0 3
6680 0 8
6681 0 10
6682 0 7
6683 1 16
6684 0 17
6686 0 10
6687 0 7
6688 0 11
6691 1 13
6692 0 9
6693 0 8
6696 0 12
6698 1 28
6699 0 4
6701 0 17
6702 1 6
6703 1 18
6704 0 8
6705 1 21
6708 0 14
6709 1 17
6710 0 8
6711 0 10
6712 1 11
6713 0 11
6714 1 13
6715 0 11
6717 0 3
6718 1 17
6719 0 4
6720 1 13
6721 1 21
6722 1 13
6723 0 7
6724 0 12
6726 0 9
6728 0 7
6729 1 18
6730 0 3
6731 0 23
6732 0 14
6733 0 13
6734 0 16
6735 1 13
6736 1 11
6739 0 12
6740 0 8
6743 1 16
6744 0 9
6745 1 6
6748 0 9
6749 0 12
6751 1 14
6752 0 14
6753 0 9
6754 0 7
6755 0 11
6756 0 10
6757 0 16
6758 0 14
6759 0 11
6760 0 9
6761 0 3
6762 0 7
6763 0 10
6765 0 6
6766 0 12
6769 0 4
6770 1 13
6771 0 34
6772 0 11
6774 0 9
6776 0 9
6777 0 10
6778 0 17
6779 0 15
6780 0 17
6781 0 8
6782 0 16
6784 0 7
6788 0 8
6791 0 4
6792 0 9
6794 1 27
6795 0 7
6797 0 17
6799 1 26
6800 0 12
6801 0 7
6802 0 8
6803 0 8
6804 0 17
6806 0 10
6807 0 15
6809 1 11
6810 0 33
6811 0 10
6812 1 10
6814 0 10
6815 0 17
6816 0 9
6817 0 7
6819 0 8
6820 0 6
6822 0 8
6823 0 12
6824 0 16
6825 0 8
6826 0 19
6827 1 14
6828 0 17
6829 1 12
6830 0 7
6831 0 24
6832 0 17
6833 1 13
6834 0 11
6835 1 15
6836 1 10
6838 1 30
6839 1 13
6840 1 11
6841 1 12
6842 0 9
6843 0 11
6844 0 3
6845 0 6
6846 0 7
6847 0 15
6848 0 8
6849 0 16
6850 0 9
6851 1 11
6852 1 18
6853 0 14
6854 0 7
6856 1 16
6857 1 16
6858 0 10
6859 0 2
6860 1 50
6861 1 8
6862 0 8
6863 1 12
6864 1 16
6867 1 13
6868 1 14
6869 0 7
6870 0 7
6871 1 11
6873 1 11
6874 1 30
6875 0 19
6876 1 12
6878 0 19
6879 0 11
6880 0 10
6882 0 16
6883 1 15
6884 0 6
6885 0 11
6886 0 31
6887 1 11
6888 0 11
6889 0 8
6890 0 11
6891 0 24
6892 0 21
6893 0 9
6894 1 13
6895 0 6
6896 1 8
6897 0 11
6898 0 16
6899 1 12
6900 0 23
6901 0 16
6902 0 17
6903 0 10
6904 0 2
6905 0 17
6906 0 9
6907 0 13
6908 1 23
6909 0 8
6911 1 15
6912 0 7
6914 1 17
6918 0 11
6919 1 4
6921 0 9
6922 1 21
6923 1 37
6924 0 11
6925 0 10
6927 0 7
6929 1 24
6930 0 14
6932 1 8
6933 0 15
6934 0 10
6936 1 11
6938 0 10
6939 1 16
6940 0 10
6941 0 6
6942 1 11
6943 0 16
6944 0 6
6945 1 13
6946 0 9
6947 0 8
6948 0 9
6949 0 16
6950 0 10
6951 0 9
6952 1 15
6953 0 9
6954 0 7
6956 0 8
6957 0 34
6959 1 11
6961 1 8
6962 1 17
6963 0 3
6964 0 8
6966 1 9
6967 0 8
6970 0 9
6971 1 11
6972 0 16
6973 0 8
6974 0 9
6975 0 10
6976 0 11
6978 1 17
6979 0 3
6980 0 17
6981 1 19
6982 0 7
6983 0 6
6984 1 13
6986 0 10
6987 1 16
6988 1 11
6989 0 21
6990 1 13
6991 0 6
6992 0 9
6993 0 9
6994 1 12
6995 1 16
6996 0 10
6998 0 11
6999 0 11
7000 0 8
7001 1 13
7003 0 10
7004 1 9
7005 0 9
7006 1 17
7007 1 12
7008 0 35
7012 0 7
7013 0 4
7014 1 14
7015 1 10
7016 0 27
7017 0 12
7018 1 12
7019 1 23
7020 0 10
7023 1 22
7024 0 5
7027 0 9
7031 0 9
7034 0 9
7037 0 11
7038 0 9
7039 0 10
7040 0 3
7041 1 32
7042 1 14
7043 1 14
7044 1 27
7045 0 11
7046 0 9
7047 1 12
7048 1 11
7050 0 10
7051 0 6
7052 0 18
7054 1 31
7055 0 11
7057 0 17
7058 0 8
7059 0 26
7060 0 37
7061 0 7
7062 0 29
7063 0 7
7064 0 9
7066 0 8
7067 0 8
7068 1 7
7069 1 11
7070 0 13
7071 1 18
7074 0 11
7075 0 13
7077 0 13
7079 1 7
7081 0 10
7082 1 16
7084 1 18
7085 1 18
7086 0 9
7087 0 8
7089 0 21
7090 0 10
7091 1 15
7092 1 12
7093 0 8
7094 0 12
7095 1 23
7097 0 12
7098 0 8
7100 1 13
7101 0 11
7103 0 18
7105 0 11
7106 0 8
7107 1 19
7108 1 8
7109 0 9
7110 0 16
7111 0 16
7112 1 21
7113 0 7
7114 0 30
7116 1 17
7118 0 14
7119 1 18
7120 1 29
7121 1 19
7122 0 8
7123 1 11
7124 1 11
7125 1 24
7126 0 7
7127 0 9
7128 1 12
7129 0 6
7130 1 12
7132 0 7
7133 0 6
7134 0 14
7135 0 10
7136 0 4
7137 0 9
7138 1 23
7141 1 32
7142 0 10
7143 1 12
7145 0 8
7146 1 11
7147 0 46
7148 0 9
7149 0 7
7151 0 9
7152 0 11
7153 0 7
7154 0 8
7155 1 12
7157 0 9
7158 0 7
7159 0 6
7160 0 8
7161 0 11
7162 0 4
7163 0 21
7164 0 23
7165 1 8
7166 0 9
7167 0 8
7168 0 14
7169 0 12
7171 0 10
7172 0 3
7173 1 14
7174 0 6
7175 0 24
7176 1 13
7177 0 3
7178 0 8
7179 0 8
7180 0 10
7182 0 4
7183 0 7
7184 0 8
7185 0 10
7186 1 17
7187 0 9
7188 1 23
7189 1 14
7190 1 18
7192 1 13
7193 1 29
7194 0 8
7195 1 15
7196 0 10
7198 0 3
7199 0 10
7200 0 8
7201 1 16
7202 0 9
7203 0 11
7204 0 7
7205 1 13
7206 0 8
7207 1 12
7208 0 11
7209 1 13
7210 0 29
7212 0 8
7213 1 21
7214 1 22
7215 0 8
7216 1 14
7217 0 12
7218 0 4
7219 0 11
7220 0 16
7222 0 8
7223 0 11
7225 0 9
7226 0 10
7227 0 8
7228 1 7
7229 1 36
7231 0 9
7232 0 9
7233 0 7
7234 0 13
7235 1 15
7236 1 21
7237 0 5
7240 0 14
7241 0 8
7242 0 8
7243 0 8
7244 1 12
7245 1 24
7246 0 11
7248 0 4
7249 0 11
7250 1 11
7253 0 10
7255 1 11
7256 0 4
7257 0 11
7258 0 10
7260 0 11
7261 0 11
7262 0 3
7263 0 15
7264 0 6
7266 0 4
7267 1 11
7268 1 13
7270 1 7
7271 1 22
7272 0 16
7273 0 16
7274 1 23
7275 0 7
7276 1 11
7277 1 17
7278 0 11
7279 1 12
7280 0 10
7281 0 17
7283 0 6
7284 1 20
7285 0 9
7286 0 19
7287 0 16
7288 1 9
7290 0 3
7291 0 11
7292 0 8
7293 1 11
7294 0 7
7295 0 8
7297 1 11
7299 0 11
7300 1 11
7301 0 10
7302 0 22
7303 0 4
7304 1 19
7306 0 14
7307 0 16
7308 0 3
7309 0 23
7310 0 9
7311 1 17
7312 0 10
7313 0 7
7314 0 16
7315 0 6
7316 0 7
7317 0 13
7318 0 13
7319 0 8
7320 0 28
7321 1 18
7322 1 17
7324 0 6
7325 1 20
7326 1 8
7327 0 9
7328 0 8
7329 0 11
7330 0 11
7331 0 17
7332 0 15
7333 0 9
7335 0 11
7336 0 11
7338 1 19
7339 0 10
7340 1 13
7341 0 10
7342 0 16
7344 0 10
7345 0 10
7346 0 9
7347 0 7
7348 0 9
7350 1 15
7351 0 10
7352 1 16
7354 0 8
7355 0 26
7356 1 12
7357 1 20
7358 0 9
7359 1 18
7360 1 19
7361 0 11
7362 1 18
7363 0 2
7364 1 11
7365 0 10
7368 0 8
7369 0 7
7370 0 3
7371 0 11
7372 0 15
7373 1 16
7374 0 10
7376 0 16
7377 0 19
7378 0 5
7382 1 11
7383 1 16
7384 0 11
7385 0 31
7387 1 17
7388 0 4
7390 0 10
7392 0 8
7393 0 18
7394 1 15
7395 0 10
7396 1 16
7397 1 21
7399 1 11
7400 1 12
7402 0 9
7403 1 14
7404 1 24
7405 0 11
7406 0 11
7407 0 41
7408 1 11
7409 0 11
7410 0 11
7412 0 7
7413 0 10
7414 0 12
7415 0 11
7416 0 6
7417 1 38
7418 0 21
7419 0 11
7421 0 26
7422 0 11
7423 0 20
7426 0 9
7427 0 11
7428 0 7
7429 1 23
7430 0 10
7432 1 10
7433 1 11
7434 0 11
7436 1 33
7437 0 17
7438 0 7
7440 0 8
7441 0 14
7442 1 26
7445 0 16
7447 0 7
7448 1 12
7449 0 9
7450 0 7
7451 0 10
7453 0 7
7454 1 14
7455 1 10
7457 0 9
7458 0 9
7459 0 7
7460 0 7
7461 0 11
7462 0 10
7464 1 12
7465 0 16
7466 0 7
7467 0 3
7468 0 8
7469 1 11
7470 0 8
7471 1 14
7473 0 9
7474 0 3
7476 0 15
7477 1 13
7478 0 23
7479 0 9
7480 1 16
7481 0 8
7482 1 12
7483 0 7
7484 0 9
7485 0 7
7486 0 9
7487 1 11
7488 0 7
7489 0 3
7490 1 13
7491 0 11
7492 0 7
7493 0 10
7494 0 30
7495 0 11
7497 0 17
7498 0 11
7499 1 12
7500 1 13
7501 0 6
7502 0 13
7503 0 8
7504 1 15
7508 0 10
7509 0 3
7510 0 31
7511 0 13
7512 0 6
7513 0 22
7514 0 11
7515 0 16
7517 0 6
7518 0 9
7519 0 13
7521 0 8
7522 1 11
7524 0 16
7525 0 11
7526 1 15
7527 0 11
7528 0 8
7529 0 16
7530 0 11
7531 1 18
7532 1 17
7533 1 50
7534 0 10
7535 1 13
7536 1 13
7537 0 16
7538 0 8
7539 0 9
7540 0 11
7542 1 19
7543 0 9
7544 1 11
7545 0 11
7546 1 18
7547 0 8
7548 1 8
7549 1 12
7550 0 7
7551 0 18
7552 0 7
7553 0 17
7554 0 7
7555 0 17
7556 0 11
7557 0 14
7558 0 8
7559 1 11
7560 0 10
7563 0 11
7565 1 25
7567 1 13
7568 0 9
7571 0 8
7573 0 8
7574 0 8
7575 0 10
7576 1 29
7578 0 10
7579 0 9
7580 0 11
7581 0 16
7582 0 12
7583 1 12
7584 0 10
7585 1 28
7586 0 8
7587 0 10
7590 1 22
7591 0 15
7592 0 7
7593 1 15
7595 0 11
7596 0 17
7598 1 13
7599 1 20
7600 0 21
7601 0 9
7603 0 11
7604 0 11
7605 1 7
7606 1 17
7607 0 8
7608 0 18
7609 0 9
7612 1 23
7613 0 18
7614 0 15
7615 0 11
7616 0 11
7617 0 12
7618 1 16
7619 0 9
7621 1 12
7624 0 9
7625 0 7
7626 1 13
7627 0 9
7629 0 8
7630 0 7
7631 0 8
7632 1 17
7633 1 15
7635 0 15
7636 1 18
7639 0 7
7640 0 7
7641 0 17
7642 0 10
7643 0 7
7644 0 7
7645 1 6
7646 0 6
7648 1 10
7649 1 17
7651 1 16
7653 0 9
7655 0 9
7656 0 5
7657 0 16
7658 0 9
7660 0 8
7661 0 8
7662 0 7
7664 1 12
7665 0 11
7666 0 9
7667 0 6
7668 1 34
7669 0 13
7670 0 11
7671 0 5
7672 1 13
7674 1 17
7676 0 10
7678 0 16
7679 1 14
7680 0 7
7681 0 13
7684 0 7
7685 0 7
7686 0 8
7688 0 9
7690 0 8
7691 0 19
7694 1 9
7695 1 14
7696 1 19
7697 0 7
7698 0 7
7701 0 3
7702 1 11
7703 0 17
7705 0 3
7706 0 22
7707 0 28
7708 0 11
7709 0 11
7710 1 12
7712 0 33
7713 0 7
7714 0 9
7715 0 11
7716 0 11
7717 0 10
7720 0 5
7722 0 14
7723 0 3
7724 1 31
7725 0 11
7726 1 13
7728 0 9
7729 0 11
7730 1 13
7731 0 10
7732 1 21
7733 1 8
7735 0 3
7736 0 11
7737 0 17
7739 0 8
7740 0 15
7741 1 24
7742 0 4
7743 1 17
7744 0 9
7745 0 32
7746 1 11
7747 0 9
7748 0 7
7749 1 23
7750 0 9
7751 1 29
7752 1 14
7753 1 13
7754 0 6
7755 0 7
7758 0 7
7760 0 25
7761 0 10
7765 1 14
7766 0 11
7767 0 42
7770 0 16
7771 1 26
7772 0 11
7773 1 17
7774 0 10
7775 1 24
7776 0 13
7777 0 9
7779 0 9
7781 0 10
7782 0 8
7783 0 12
7784 0 10
7785 0 4
7787 0 5
7788 0 8
7789 1 16
7790 0 13
7791 1 12
7793 1 11
7794 0 11
7796 0 10
7797 1 15
7798 0 4
7801 1 10
7802 0 7
7803 1 30
7804 0 15
7805 1 11
7806 0 13
7807 0 16
7808 1 17
7809 0 12
7810 1 24
7811 0 8
7813 0 8
7814 0 10
7815 0 8
7816 0 11
7817 0 11
7819 0 10
7820 0 11
7821 0 34
7822 0 6
7823 0 9
7824 0 16
7825 1 15
7826 0 7
7827 0 3
7828 1 49
7829 0 11
7831 1 15
7832 0 9
7833 0 12
7836 0 6
7837 1 16
7838 0 12
7839 1 15
7841 0 11
7842 0 11
7843 0 18
7844 1 18
7845 1 31
7846 1 18
7848 0 7
7849 0 12
7850 0 7
7851 0 7
7853 0 8
7856 0 8
7857 0 10
7858 0 10
7859 1 14
7860 1 19
7861 1 7
7862 0 6
7863 0 10
7864 1 18
7865 0 19
7866 1 15
7867 0 12
7868 0 7
7869 0 3
7870 0 9
7871 0 18
7872 0 3
7873 0 8
7874 1 13
7875 0 10
7876 0 35
7877 1 11
7878 0 10
7879 0 15
7880 0 7
7881 0 6
7882 0 15
7883 1 14
7884 0 3
7885 0 10
7887 0 15
7888 0 16
7889 1 23
7891 1 24
7892 0 18
7893 1 13
7894 1 12
7895 0 11
7897 0 10
7898 0 8
7899 1 12
7900 1 12
7901 0 10
7902 0 4
7903 0 13
7904 0 17
7905 0 9
7906 1 13
7907 0 11
7908 1 13
7910 1 22
7913 1 11
7914 0 6
7915 0 10
7916 1 12
7918 1 11
7919 0 9
7920 0 17
7921 0 6
7922 0 10
7925 0 11
7926 0 9
7928 1 20
7929 0 10
7930 0 9
7931 0 11
7932 0 7
7933 0 11
7934 0 6
7935 0 10
7936 0 14
7937 1 18
7938 0 6
7939 0 9
7940 0 11
7941 0 16
7943 0 2
7944 1 12
7945 0 18
7947 0 13
7948 1 12
7949 0 16
7953 0 14
7954 1 13
7955 0 5
7956 0 3
7957 0 10
7958 0 27
7960 1 2
7962 0 10
7964 0 17
7966 1 12
7967 0 11
7970 0 11
7971 0 11
7972 0 15
7974 0 7
7975 1 18
7976 1 16
7977 0 10
7978 1 19
7979 1 9
7980 0 8
7981 1 17
7982 1 11
7983 0 7
7984 0 6
7986 0 8
7987 1 15
7988 0 11
7990 0 10
7991 1 21
7993 0 3
7994 1 11
7995 1 12
7997 0 10
7998 0 4
7999 0 16
8000 0 7
8001 0 9
8004 0 9
8005 0 7
8006 0 7
8007 1 12
8009 1 9
8010 0 10
8011 0 11
8012 0 5
8013 0 10
8014 1 12
8015 1 21
8016 0 7
8017 0 3
8018 0 9
8019 1 25
8020 0 23
8023 0 13
8024 1 22
8025 0 21
8026 1 16
8027 0 9
8028 0 11
8030 1 10
8033 1 12
8034 0 11
8035 0 9
8036 0 8
8038 0 11
8039 1 16
8040 0 21
8041 0 8
8042 1 14
8043 1 12
8044 0 10
8047 0 17
8048 1 16
8049 0 11
8051 0 25
8052 0 7
8053 1 18
8054 1 13
8055 0 9
8057 0 8
8058 0 17
8059 1 18
8060 1 10
8061 0 9
8062 0 9
8063 0 13
8064 0 9
8065 1 15
8066 0 10
8067 0 10
8068 0 15
8069 1 22
8070 0 7
8071 0 7
8072 0 7
8073 1 18
8074 0 16
8075 0 16
8076 1 15
8079 0 9
8080 0 10
8081 0 10
8082 1 23
8083 0 8
8084 1 13
8085 0 12
8086 0 3
8087 0 7
8088 1 12
8089 0 7
8090 0 24
8091 0 7
8092 1 47
8093 1 16
8095 0 10
8096 0 10
8097 1 11
8099 0 7
8100 1 16
8101 1 18
8102 0 5
8103 0 12
8104 1 20
8107 1 13
8108 0 11
8109 0 25
8110 0 8
8111 1 21
8112 0 13
8113 0 3
8114 0 4
8115 1 14
8116 0 6
8117 1 17
8119 1 44
8121 0 11
8122 0 4
8123 0 8
8125 1 14
8126 0 8
8127 0 4
8128 0 9
8129 0 5
8131 0 14
8133 1 12
8134 1 18
8135 0 10
8136 1 10
8137 0 8
8138 1 22
8139 1 17
8140 0 23
8141 0 11
8142 0 10
8144 1 7
8145 0 7
8146 0 6
8147 1 14
8149 0 3
8151 0 16
8152 1 11
8153 0 8
8155 0 11
8158 0 9
8159 1 7
8160 0 8
8161 0 10
8163 0 13
8164 1 29
8166 0 9
8168 0 7
8169 1 7
8171 0 13
8172 0 3
8173 0 3
8175 1 12
8176 1 12
8177 1 12
8178 0 16
8179 0 10
8180 0 9
8182 0 16
8183 0 31
8184 0 7
8185 0 9
8186 1 50
8189 0 9
8190 0 13
8192 0 19
8193 0 10
8195 0 7
8196 0 10
8197 0 3
8198 0 3
8199 1 12
8200 0 6
8201 1 17
8202 1 13
8203 0 6
8204 1 16
8206 0 11
8207 1 19
8208 1 12
8209 0 11
8211 1 11
8212 0 10
8214 0 7
8216 0 6
8219 0 7
8220 0 16
8222 0 9
8225 0 3
8226 0 8
8228 0 18
8229 1 35
8230 0 17
8231 0 10
8232 0 10
8233 0 10
8234 0 16
8235 0 16
8236 0 8
8237 0 12
8238 0 8
8240 0 8
8241 0 3
8242 0 8
8243 1 11
8244 0 9
8245 0 11
8246 0 9
8248 0 7
8249 0 2
8251 1 20
8252 1 16
8253 0 8
8254 1 22
8255 0 4
8256 1 17
8257 0 28
8258 1 12
8259 1 9
8260 0 9
8261 1 11
8262 0 7
8263 0 8
8264 0 14
8265 1 12
8266 0 16
8267 0 4
8268 1 11
8269 0 7
8270 0 9
8271 1 14
8273 0 24
8274 1 28
8275 0 11
8276 0 14
8278 0 8
8280 0 10
8281 0 11
8283 0 9
8285 0 3
8287 1 3
8288 0 21
8289 0 9
8290 1 12
8291 1 19
8293 0 9
8294 0 16
8297 1 11
8298 0 9
8299 1 10
8301 0 6
8302 0 8
8303 1 43
8304 0 8
8305 0 10
8306 0 10
8307 1 19
8309 1 17
8310 0 11
8311 1 19
8312 0 7
8313 0 1
8315 1 15
8316 0 8
8317 0 11
8318 1 11
8319 0 8
8320 0 6
8321 0 10
8322 1 8
8324 0 11
8325 1 8
8326 0 9
8327 1 40
8328 0 9
8329 0 10
8330 0 6
8331 1 17
8332 0 10
8333 1 11
8334 0 7
8335 0 16
8336 0 13
8337 0 7
8338 0 6
8339 0 8
8340 0 7
8341 0 13
8342 0 10
8343 1 16
8344 0 16
8345 0 13
8347 0 10
8348 0 7
8349 1 12
8352 0 6
8354 0 16
8355 0 10
8358 1 17
8362 0 10
8364 0 12
8366 1 16
8367 0 6
8368 1 13
8369 0 13
8370 1 13
8371 0 35
8372 1 19
8373 0 9
8375 0 9
8376 0 8
8377 0 7
8378 0 7
8379 0 10
8380 0 41
8381 0 9
8382 1 39
8384 1 20
8385 0 13
8387 0 18
8388 0 11
8390 1 12
8392 0 26
8393 0 9
8394 0 9
8395 0 9
8396 0 11
8398 1 21
8399 0 8
8400 0 7
8401 0 17
8402 1 6
8405 0 10
8406 1 15
8407 0 8
8410 0 7
8411 1 18
8412 1 17
8413 1 15
8414 0 5
8415 0 6
8418 1 21
8419 0 8
8420 0 7
8421 1 17
8422 1 18
8426 0 7
8427 0 7
8428 0 11
8431 1 18
8433 0 8
8434 1 10
8438 1 10
8439 1 16
8440 0 17
8441 0 12
8442 0 8
8444 0 16
8445 0 12
8446 0 20
8448 0 16
8450 0 11
8451 0 13
8453 0 19
8454 1 11
8455 0 7
8456 1 14
8457 0 16
8458 1 12
8459 1 9
8460 0 9
8461 0 4
8463 1 16
8464 0 16
8465 1 23
8466 1 22
8468 0 10
8469 1 12
8470 1 7
8471 0 9
8472 0 14
8473 0 15
8475 1 11
8477 0 3
8478 0 6
8479 0 10
8480 0 11
8481 0 12
8482 0 11
8483 0 11
8484 0 5
8487 0 10
8488 0 8
8490 0 11
8491 0 16
8493 0 4
8494 0 3
8497 0 3
8498 0 8
8499 0 8
8501 0 10
8502 0 20
8503 0 7
8504 1 14
8505 0 7
8507 0 9
8508 0 16
8510 1 15
8511 0 10
8515 1 23
8516 1 10
8517 0 7
8518 0 9
8519 0 8
8522 0 8
8523 0 5
8524 0 7
8525 0 2
8526 1 10
8528 1 17
8529 1 17
8530 0 7
8531 0 10
8532 0 10
8533 0 7
8534 0 7
8535 0 8
8536 1 14
8537 0 13
8538 0 10
8539 0 10
8540 0 17
8541 0 11
8542 0 6
8543 0 7
8544 1 12
8545 0 3
8546 1 33
8547 0 9
8548 0 9
8549 0 22
8550 0 14
8552 0 11
8553 0 14
8554 1 11
8555 0 13
8556 1 11
8559 1 39
8560 0 8
8561 0 15
8562 1 17
8563 0 10
8564 0 8
8565 1 15
8566 1 12
8567 0 12
8568 0 9
8569 0 40
8570 0 10
8571 0 3
8572 1 11
8573 0 10
8574 0 16
8575 0 10
8576 0 6
8578 0 9
8579 0 6
8580 0 18
8582 1 13
8584 0 12
8585 0 8
8586 0 11
8587 1 10
8588 0 11
8589 1 31
8590 1 11
8591 0 9
8592 0 10
8594 0 11
8596 0 7
8597 0 9
8598 1 11
8599 0 11
8600 0 11
8601 0 9
8602 0 7
8603 0 10
8604 0 7
8605 1 12
8607 0 8
8608 1 6
8609 0 9
8610 1 24
8611 0 16
8614 0 4
8615 0 11
8616 0 18
8617 0 5
8618 0 23
8619 0 5
8620 0 19
8621 0 9
8624 0 8
8625 1 15
8626 0 16
8627 0 7
8628 0 7
8629 0 20
8632 0 8
8634 0 25
8635 0 15
8636 0 11
8637 0 10
8638 0 7
8639 0 7
8640 0 8
8643 0 15
8645 1 11
8646 0 10
8648 0 11
8649 0 16
8651 1 22
8652 1 15
8656 1 11
8657 0 8
