0002 0 8
0004 0 11
0005 1 16
0006 1 23
0007 0 6
0008 1 14
0009 0 10
0010 0 14
0011 0 9
0012 0 10
0015 0 10
0016 1 22
0017 0 16
0018 1 9
0019 0 9
0020 0 9
0021 0 9
0022 0 7
0024 0 8
0025 1 23
0026 1 13
0028 0 3
0029 1 9
0030 0 9
0031 0 35
0032 0 21
0033 0 8
0034 0 10
0035 0 16
0036 0 3
0037 0 13
0038 0 11
0039 1 11
0040 1 16
0041 0 10
0042 0 16
0043 0 11
0044 1 34
0045 1 9
0046 0 8
0047 1 18
0048 0 16
0051 0 11
0052 1 12
0053 0 10
0054 1 26
0056 1 13
0057 0 9
0058 0 9
0059 0 7
0060 0 8
0063 0 10
0064 0 8
0065 1 14
0066 0 7
0067 0 11
0069 0 9
0070 0 7
0071 0 7
0072 0 11
0073 0 8
0074 0 8
0075 0 10
0077 0 8
0078 1 20
0081 0 17
0083 1 20
0084 0 15
0085 0 9
0086 0 8
0087 0 15
0088 1 11
0093 0 7
0094 0 15
0095 0 11
0096 0 9
0097 0 9
0098 0 10
0099 0 10
0100 0 5
0102 0 17
0103 0 10
0104 0 9
0105 1 16
0106 0 7
0107 0 7
0108 0 9
0109 0 17
0110 1 21
0111 0 16
0112 0 18
0113 0 3
0114 1 3
0115 1 28
0116 0 9
0117 0 16
0118 0 15
0119 0 8
0120 0 7
0121 0 3
0122 0 8
0123 0 10
0124 0 16
0128 0 8
0129 1 18
0130 0 18
0131 0 9
0132 0 10
0133 0 8
0134 0 12
0136 0 19
0137 0 8
0138 0 7
0139 0 9
0141 0 8
0143 1 16
0145 1 23
0148 0 7
0149 0 8
0150 0 11
0151 0 8
0153 0 7
0154 1 11
0155 0 7
0158 0 10
0159 0 10
0160 1 11
0161 0 3
0166 0 16
0167 0 7
0168 0 10
0170 1 15
0171 1 9
0172 0 10
0173 0 14
0175 1 11
0176 0 4
0177 0 9
0179 0 9
0180 0 12
0181 0 3
0182 0 3
0183 0 3
0184 1 12
0185 0 9
0187 1 15
0188 0 10
0189 0 7
0190 1 15
0191 1 14
0192 0 5
0195 0 9
0196 0 9
0197 1 13
0198 0 8
0199 0 16
0200 1 14
0201 0 7
0202 0 9
0203 0 12
0204 0 8
0205 1 16
0206 0 7
0207 0 5
0208 0 17
0209 1 17
0210 1 11
0211 0 8
0214 1 13
0215 0 9
0216 1 12
0217 0 14
0218 0 17
0219 0 11
0222 1 12
0223 0 5
0224 0 10
0225 1 21
0226 0 6
0227 0 29
0228 1 18
0229 0 17
0230 1 11
0231 1 11
0232 0 7
0235 1 12
0237 1 13
0238 0 8
0239 0 7
0243 0 6
0244 0 9
0245 0 11
0246 0 9
0247 0 9
0249 0 12
0250 0 3
0251 1 15
0252 0 11
0253 0 11
0254 1 16
0256 0 10
0257 0 10
0260 1 16
0261 0 10
0262 0 7
0263 1 11
0264 0 3
0265 0 10
0266 0 7
0268 0 22
0269 0 8
0271 0 10
0272 1 16
0273 0 7
0275 1 11
0276 1 23
0277 0 9
0278 0 6
0279 0 11
0280 1 15
0281 1 14
0282 0 7
0284 0 6
0285 0 6
0286 0 11
0287 0 4
0288 0 19
0289 0 12
0290 1 16
0291 0 6
0292 0 16
0293 0 9
0294 0 7
0295 0 9
0296 0 4
0297 1 13
0298 0 11
0299 0 11
0300 0 10
0301 1 9
0302 0 3
0303 0 10
0304 0 8
0306 0 11
0309 0 13
0310 0 11
0311 1 19
0312 1 13
0313 0 12
0315 1 23
0317 0 9
0318 0 10
0319 1 42
0320 1 12
0321 0 10
0322 1 18
0323 0 14
0324 0 9
0326 0 7
0327 1 20
0329 1 11
0331 0 11
0333 0 10
0334 0 11
0336 1 18
0337 1 15
0338 0 12
0339 0 16
0340 1 21
0341 0 8
0342 0 8
0344 1 13
0345 0 6
0346 0 13
0347 1 14
0348 0 11
0349 0 8
0352 1 15
0353 0 8
0354 0 14
0355 0 11
0356 0 13
0357 1 3
0359 0 6
0360 0 10
0361 0 15
0362 0 7
0363 1 23
0364 1 9
0365 1 30
0368 0 5
0369 0 10
0370 0 10
0372 1 32
0373 0 7
0374 0 11
0377 0 9
0378 1 25
0379 0 15
0381 1 9
0382 0 10
0384 1 13
0386 0 11
0387 0 8
0388 0 9
0391 0 12
0392 0 8
0393 0 36
0394 0 9
0395 0 9
0396 0 8
0397 1 10
0398 1 17
0399 0 51
0400 0 9
0401 1 8
0402 0 16
0403 0 7
0404 1 13
0405 0 10
0406 0 3
0407 0 17
0408 0 9
0409 0 9
0410 0 7
0411 0 10
0412 0 11
0413 0 9
0414 1 11
0415 0 11
0416 0 14
0418 0 13
0420 0 9
0421 0 10
0422 0 7
0423 1 11
0424 0 17
0425 0 7
0426 0 15
0428 0 15
0429 0 10
0430 0 8
0431 1 26
0432 0 13
0433 0 8
0434 1 13
0435 1 12
0436 1 7
0438 0 3
0439 0 11
0440 1 13
0441 0 9
0442 0 36
0443 0 9
0445 1 18
0446 0 9
0447 0 16
0448 0 16
0449 1 16
0450 1 30
0451 0 11
0452 1 17
0453 1 15
0454 0 8
0455 0 14
0456 0 5
0457 0 7
0460 0 10
0463 0 14
0464 0 11
0465 1 16
0466 0 8
0467 1 11
0468 1 11
0469 0 10
0470 0 7
0471 0 10
0472 1 22
0473 0 6
0474 1 17
0475 0 6
0476 0 8
0477 0 16
0479 0 10
0481 0 9
0482 0 8
0483 0 11
0484 1 12
0485 0 16
0487 0 6
0488 0 15
0490 0 7
0491 0 10
0492 1 14
0495 0 11
0496 0 11
0497 0 7
0499 0 9
0500 0 17
0501 0 8
0502 0 8
0503 0 6
0504 0 9
0505 0 9
0506 1 12
0507 0 11
0508 0 12
0509 0 7
0510 0 11
0512 0 15
0514 1 10
0515 1 11
0516 0 15
0518 0 8
0519 0 9
0520 1 7
0521 0 10
0522 0 7
0523 0 11
0524 1 16
0525 1 16
0526 0 9
0527 0 14
0528 0 19
0529 0 19
0530 0 7
0533 0 10
0534 1 17
0535 1 12
0537 0 8
0538 1 17
0539 1 23
0540 0 7
0541 0 10
0542 0 10
0543 0 10
0544 0 7
0546 0 12
0547 1 10
0548 0 7
0550 0 11
0551 1 18
0552 1 33
0553 1 13
0555 1 15
0556 1 14
0557 1 11
0559 0 7
0561 0 8
0562 0 7
0564 1 13
0565 0 7
0566 0 2
0567 0 11
0568 0 8
0569 1 6
0570 1 11
0571 0 10
0573 1 15
0574 0 10
0575 0 28
0576 0 9
0577 0 10
0578 0 11
0581 1 23
0582 0 7
0583 1 23
0585 0 8
0587 0 7
0589 0 11
0591 0 23
0592 0 10
0593 0 6
0594 1 11
0595 1 11
0596 0 11
0597 1 34
0598 0 14
0599 0 18
0601 1 11
0602 0 6
0603 0 8
0604 0 7
0606 0 23
0607 0 26
0609 0 5
0610 0 10
0611 0 22
0612 1 8
0613 1 15
0614 1 10
0615 0 9
0617 1 4
0618 1 13
0619 0 10
0621 0 9
0623 0 7
0624 1 17
0625 1 12
0626 0 11
0627 0 7
0628 1 11
0629 0 10
0631 0 13
0632 1 15
0633 0 16
0634 1 15
0635 0 8
0636 0 10
0639 1 16
0640 1 12
0641 1 16
0643 0 10
0644 0 7
0645 0 11
0647 0 11
0648 0 11
0650 0 9
0651 0 11
0652 0 13
0653 0 16
0654 0 9
0656 1 12
0659 0 8
0661 1 17
0662 1 29
0663 0 22
0664 0 19
0665 1 23
0666 0 10
0667 0 14
0668 1 15
0672 0 12
0673 0 11
0674 0 10
0675 0 16
0676 0 11
0677 0 7
0678 1 10
0679 0 3
0680 0 10
0681 0 18
0684 0 8
0685 0 15
0686 0 10
0687 1 22
0688 0 6
0689 0 10
0690 1 16
0691 0 11
0692 0 10
0693 0 4
0695 1 18
0697 0 9
0698 0 9
0699 0 15
0701 1 22
0702 1 11
0703 0 6
0704 0 10
0705 1 30
0706 0 3
0707 0 9
0708 1 25
0709 1 11
0710 0 7
0711 0 7
0713 1 13
0714 1 12
0715 1 41
0716 0 12
0717 1 13
0718 0 8
0720 0 8
0722 0 8
0724 1 16
0725 1 32
0726 0 7
0727 0 8
0728 0 10
0729 1 8
0730 0 7
0731 1 7
0732 0 9
0734 0 3
0735 0 7
0736 0 11
0737 1 10
0738 0 8
0739 1 19
0740 0 9
0741 1 20
0742 0 7
0744 0 8
0745 1 22
0747 0 10
0748 1 20
0749 0 9
0750 1 17
0751 0 10
0752 0 7
0753 0 8
0754 0 10
0755 1 10
0757 1 11
0758 0 11
0759 0 29
0760 0 9
0761 0 21
0762 0 7
0763 1 13
0764 0 9
0765 0 4
0766 0 16
0767 1 20
0769 0 8
0770 1 14
0771 1 13
0772 0 7
0774 0 18
0775 0 16
0776 0 3
0777 0 10
0778 0 11
0779 0 23
0781 0 9
0782 0 7
0783 0 14
0784 0 16
0785 1 18
0786 1 25
0788 0 10
0789 0 12
0790 1 22
0791 0 19
0792 0 13
0793 1 22
0794 0 11
0795 0 16
0796 0 3
0797 0 11
0799 1 16
0800 1 24
0805 1 14
0807 0 7
0808 0 7
0809 0 6
0811 0 7
0812 1 20
0813 0 16
0814 1 28
0815 1 23
0816 1 15
0817 0 9
0818 0 3
0819 0 11
0820 1 15
0821 0 11
0822 0 7
0824 0 10
0825 0 7
0826 0 7
0827 1 12
0828 1 11
0829 0 16
0830 0 20
0832 0 8
0833 0 10
0834 0 11
0835 1 17
0836 0 14
0837 0 11
0839 1 15
0840 0 7
0841 0 16
0842 0 13
0843 1 11
0844 0 11
0845 0 13
0846 1 8
0847 0 7
0849 1 12
0850 0 21
0852 0 10
0853 0 18
0854 1 11
0855 0 36
0857 0 21
0858 0 16
0859 0 8
0860 1 22
0862 1 16
0863 0 8
0865 0 8
0866 0 12
0867 0 22
0868 0 16
0870 0 50
0871 0 10
0872 0 3
0874 1 19
0875 0 9
0877 0 16
0878 0 3
0879 0 4
0881 0 7
0883 1 23
0884 0 5
0885 0 3
0886 0 7
0887 0 6
0888 0 15
0889 0 16
0890 0 11
0891 0 10
0892 0 2
0895 1 14
0898 0 4
0900 0 11
0901 0 20
0903 0 9
0904 0 19
0905 0 8
0906 1 14
0907 0 6
0908 1 13
0910 0 8
0911 1 11
0912 0 24
0913 1 11
0914 0 8
0916 1 33
0917 0 11
0919 0 13
0920 0 16
0921 1 14
0922 1 28
0923 1 9
0924 1 19
0925 1 14
0926 0 11
0927 0 7
0928 0 11
0930 0 10
0931 1 23
0933 1 11
0934 0 5
0935 0 8
0936 0 7
0938 0 8
0939 0 11
0940 0 19
0941 0 7
0943 1 18
0945 0 7
0946 1 13
0947 0 7
0948 0 8
0949 0 7
0951 1 18
0952 0 9
0953 1 14
0954 1 29
0955 0 20
0956 1 15
0958 1 12
0959 0 8
0960 0 7
0961 0 10
0962 1 16
0963 0 17
0965 1 17
0966 0 11
0968 0 7
0969 0 11
0970 0 10
0971 1 20
0972 1 14
0973 0 11
0974 0 10
0975 0 10
0976 1 17
0977 0 10
0978 1 13
0980 0 10
0981 1 27
0982 1 24
0983 1 14
0985 0 9
0986 0 11
0987 0 9
0988 0 7
0989 0 16
0990 0 11
0991 0 23
0992 1 17
0993 0 9
0994 0 10
0996 1 11
0997 0 9
0998 0 11
0999 0 7
1000 0 8
1003 0 4
1004 0 11
1005 1 21
1007 0 11
1008 0 10
1009 0 7
1011 0 9
1012 0 9
1013 0 13
1014 1 10
1015 1 14
1016 0 20
1017 0 7
1018 1 11
1019 0 7
1020 0 8
1021 0 14
1022 0 8
1023 1 13
1024 0 8
1025 1 18
1026 0 4
1027 0 8
1028 0 9
1030 1 13
1031 0 24
1034 0 7
1035 0 9
1036 1 13
1037 0 11
1038 0 9
1039 0 11
1040 1 15
1041 1 13
1042 0 9
1043 0 8
1044 0 8
1045 0 9
1046 0 6
1047 1 11
1048 0 11
1050 1 17
1051 0 15
1052 0 10
1053 0 10
1055 0 11
1056 0 8
1057 0 3
1058 0 18
1059 0 13
1060 0 14
1063 0 8
1064 0 2
1065 0 8
1066 0 9
1067 0 11
1068 0 11
1069 0 11
1070 0 15
1071 0 9
1072 0 15
1073 1 16
1074 0 9
1075 0 14
1076 0 11
1077 0 10
1078 1 31
1079 0 10
1080 0 8
1081 0 16
1082 1 14
1083 0 11
1084 0 17
1085 0 7
1086 0 13
1087 0 11
1088 1 13
1089 0 17
1090 0 15
1091 0 9
1092 0 11
1093 0 7
1094 0 9
1095 0 14
1097 1 17
1099 0 9
1101 1 12
1102 0 8
1103 1 12
1104 1 13
1105 0 7
1106 1 10
1107 0 10
1108 0 7
1109 1 18
1110 1 17
1111 1 11
1112 0 3
1113 0 10
1114 0 12
1116 0 11
1117 1 16
1118 0 6
1121 0 13
1122 1 10
1123 0 9
1125 0 10
1126 0 10
1127 0 11
1128 1 12
1129 0 16
1130 0 8
1131 0 9
1132 0 14
1133 0 10
1134 1 17
1135 0 9
1136 0 16
1137 1 21
1138 0 7
1140 0 4
1142 0 10
1143 0 7
1144 0 2
1145 0 8
1146 0 6
1147 0 4
1148 0 9
1149 0 11
1151 1 12
1152 0 10
1153 1 14
1155 0 8
1156 0 11
1157 0 16
1158 0 9
1160 0 7
1161 0 8
1162 1 16
1164 0 22
1166 0 8
1167 0 8
1168 0 11
1169 1 21
1170 0 8
1171 0 11
1172 0 17
1173 1 13
1174 0 7
1176 1 13
1177 0 7
1178 1 22
1179 0 8
1180 0 9
1181 0 7
1182 0 11
1183 0 7
1184 1 16
1185 0 11
1186 1 13
1187 0 8
1188 0 7
1189 0 11
1191 0 15
1192 0 12
1193 0 11
1194 0 8
1195 0 7
1196 0 16
1197 0 14
1198 0 6
1199 1 13
1200 0 11
1201 0 10
1202 0 11
1203 0 7
1204 1 23
1205 0 11
1206 0 10
1207 1 12
1208 0 15
1210 0 27
1211 0 7
1212 0 6
1213 1 22
1214 1 11
1215 0 10
1216 0 9
1217 1 7
1218 1 7
1219 1 15
1220 1 13
1221 0 11
1222 0 10
1223 0 6
1224 0 8
1225 0 8
1226 0 11
1227 0 9
1229 0 9
1230 0 10
1232 0 9
1236 0 11
1237 0 9
1238 0 16
1239 0 6
1240 0 8
1241 0 10
1242 0 3
1243 1 13
1244 0 8
1245 0 7
1246 1 31
1247 1 14
1248 1 11
1249 0 8
1251 0 13
1252 0 8
1253 0 7
1254 0 9
1255 0 10
1256 0 31
1257 0 9
1258 0 9
1259 1 17
1260 0 10
1261 0 49
1262 1 20
1263 0 16
1264 1 11
1265 0 11
1268 0 8
1269 0 3
1270 1 21
1273 0 11
1274 0 12
1275 1 13
1277 0 16
1278 0 12
1279 0 10
1280 0 10
1281 0 12
1282 0 35
1283 0 7
1284 0 5
1285 0 18
1286 0 9
1287 0 51
1289 0 7
1290 0 8
1291 0 9
1292 1 38
1293 1 14
1294 1 11
1295 1 18
1297 1 16
1298 0 15
1299 1 14
1300 0 6
1301 0 10
1302 0 8
1303 0 8
1304 0 11
1306 0 7
1307 0 11
1308 0 9
1309 0 12
1311 0 10
1312 0 11
1313 1 16
1314 1 14
1315 0 16
1316 0 9
1317 0 7
1318 0 9
1319 0 6
1320 0 9
1321 0 6
1322 0 11
1323 0 8
1324 0 10
1325 0 16
1327 0 10
1328 0 28
1329 1 13
1330 0 11
1331 0 13
1333 1 14
1334 0 12
1335 0 3
1336 1 7
1338 0 7
1339 0 14
1340 1 8
1341 0 19
1342 0 9
1345 1 10
1346 0 10
1348 0 26
1349 1 12
1350 0 11
1353 0 16
1354 0 8
1356 0 9
1357 0 9
1358 0 8
1359 0 11
1360 0 8
1361 0 5
1362 1 17
1363 0 50
1364 0 12
1365 1 10
1366 1 7
1367 1 38
1368 0 7
1369 1 15
1370 0 10
1371 0 7
1372 0 11
1373 0 10
1374 1 19
1375 0 9
1376 0 15
1377 0 24
1378 0 4
1379 1 19
1382 0 13
1383 0 10
1384 0 11
1385 1 13
1386 1 22
1387 0 14
1389 0 7
1390 0 4
1391 1 12
1392 0 10
1395 0 10
1396 0 9
1397 0 7
1398 0 9
1399 0 7
1400 0 10
1401 1 23
1404 0 7
1405 0 9
1406 1 16
1407 0 21
1409 0 10
1410 0 22
1411 0 11
1412 1 19
1413 0 9
1414 0 9
1416 1 20
1418 0 8
1419 0 33
1420 0 9
1421 0 11
1422 0 4
1423 1 17
1424 1 16
1425 0 12
1426 0 8
1428 0 7
1429 0 11
1430 1 13
1432 0 3
1433 0 9
1434 0 13
1435 0 11
1436 0 16
1437 0 10
1438 1 23
1439 0 9
1442 0 7
1444 0 34
1445 0 20
1446 0 15
1447 1 9
1448 0 10
1449 0 7
1450 1 15
1451 1 11
1452 0 11
1453 0 9
1454 1 8
1455 0 7
1458 0 3
1459 1 21
1462 0 11
1463 0 9
1464 0 8
1465 0 11
1466 0 11
1467 0 7
1468 0 7
1469 0 22
1470 0 8
1471 0 11
1472 0 7
1473 0 11
1474 1 12
1475 1 17
1476 0 13
1477 0 21
1480 0 11
1481 0 9
1482 0 6
1485 0 10
1486 1 19
1487 0 11
1488 0 4
1490 0 6
1492 1 11
1494 0 10
1496 1 23
1497 1 16
1498 0 12
1499 0 8
1500 1 9
1501 0 9
1503 0 6
1504 0 10
1507 0 13
1508 0 7
1509 0 11
1510 0 7
1511 1 14
1512 0 24
1516 0 9
1517 1 14
1520 0 13
1521 0 10
1522 0 3
1523 0 10
1524 0 11
1526 0 8
1527 0 7
1528 0 11
1529 0 16
1531 0 16
1532 0 11
1533 0 11
1534 1 24
1537 0 25
1538 0 3
1539 1 11
1540 0 7
1541 0 8
1542 0 16
1544 0 3
1546 1 25
1548 0 8
1549 0 16
1550 0 12
1551 1 15
1552 0 9
1553 0 2
1554 0 7
1555 0 3
1556 0 11
1557 0 16
1558 1 17
1559 0 4
1560 0 12
1561 0 9
1562 0 9
1563 1 12
1564 0 11
1565 1 16
1567 0 7
1568 1 30
1569 0 9
1570 0 11
1571 0 4
1572 0 9
1573 0 11
1574 0 16
1575 0 12
1576 0 11
1577 0 8
1578 0 18
1579 0 14
1580 0 54
1581 1 19
1582 0 3
1583 1 16
1584 0 31
1585 1 16
1586 0 11
1587 1 12
1588 0 3
1589 0 9
1590 0 3
1592 0 29
1594 0 10
1596 1 22
1599 0 11
1600 0 7
1601 0 7
1602 0 18
1603 0 10
1604 0 7
1606 1 20
1607 0 11
1609 0 10
1610 0 11
1611 0 7
1612 0 16
1613 0 9
1614 0 20
1617 1 12
1618 0 7
1619 0 8
1620 1 12
1621 0 7
1623 0 20
1624 0 13
1625 0 8
1626 0 13
1627 0 16
1628 0 8
1629 0 18
1630 0 11
1631 1 11
1632 0 8
1633 0 8
1637 0 16
1639 1 19
1640 0 19
1641 1 16
1642 0 16
1643 0 24
1644 1 10
1645 0 17
1647 0 11
1648 0 10
1650 0 29
1651 0 7
1652 0 7
1653 0 17
1654 0 12
1655 0 8
1656 0 8
1657 0 10
1658 0 17
1660 0 7
1661 0 8
1662 1 11
1663 0 8
1664 0 10
1666 0 11
1669 1 14
1670 0 8
1671 0 10
1673 1 24
1674 0 8
1675 0 10
1676 0 8
1677 0 7
1678 1 12
1679 0 8
1680 0 10
1684 0 23
1686 0 13
1687 0 9
1688 1 11
1689 1 11
1692 1 16
1693 1 7
1696 1 11
1697 0 16
1698 0 9
1699 1 16
1702 1 16
1703 0 10
1704 0 11
1706 1 11
1707 0 9
1708 0 17
1709 0 10
1711 1 31
1713 1 12
1714 1 17
1715 0 5
1717 0 16
1718 0 16
1719 0 11
1721 0 16
1722 0 8
1723 1 18
1725 1 9
1726 0 8
1727 1 12
1728 0 11
1729 0 11
1730 0 16
1732 1 22
1733 0 8
1735 0 11
1736 0 33
1737 0 16
1740 0 10
1741 0 9
1744 0 7
1745 1 29
1746 0 13
1747 0 9
1749 0 11
1750 1 17
1751 1 17
1753 0 12
1754 1 25
1755 0 9
1756 1 25
1758 0 10
1759 0 8
1760 0 15
1761 0 10
1762 0 9
1763 0 7
1764 0 10
1765 1 12
1766 0 9
1767 0 9
1768 0 11
1769 1 14
1770 0 7
1772 1 22
1773 0 7
1774 0 6
1775 0 9
1776 1 11
1778 1 11
1779 1 16
1780 0 9
1781 1 16
1783 1 15
1784 0 9
1785 1 14
1786 0 4
1787 0 9
1788 1 16
1789 0 11
1791 0 17
1792 1 20
1793 0 24
1795 1 8
1796 1 18
1797 0 6
1798 0 11
1799 1 28
1800 1 15
1801 0 3
1802 1 14
1803 0 6
1804 0 10
1806 0 7
1807 0 9
1808 0 11
1809 0 9
1810 0 20
1811 1 16
1813 0 9
1814 0 4
1815 0 14
1816 0 6
1818 0 6
1819 1 14
1820 0 7
1821 0 14
1822 0 11
1823 0 11
1825 0 10
1827 0 11
1830 0 8
1831 0 9
1832 0 15
1833 1 17
1835 0 4
1836 0 6
1837 1 11
1838 0 16
1839 1 11
1840 0 8
1841 1 17
1842 0 11
1843 1 10
1844 0 10
1845 0 16
1847 0 9
1848 0 5
1850 0 10
1851 0 10
1852 0 17
1853 0 23
1855 0 4
1856 0 7
1857 0 8
1858 1 11
1860 0 7
1862 0 10
1863 0 10
1864 0 10
1865 0 29
1867 0 10
1868 1 22
1869 0 31
1870 0 11
1871 0 10
1872 1 18
1873 0 11
1874 0 9
1875 1 20
1877 1 13
1878 0 10
1879 0 8
1880 0 11
1882 1 19
1885 0 10
1886 1 11
1887 1 13
1888 0 11
1889 0 10
1890 1 22
1893 1 16
1894 1 11
1895 0 7
1898 1 8
1899 1 39
1900 0 8
1901 0 7
1902 0 10
1903 0 11
1904 0 15
1907 0 8
1909 1 15
1911 0 6
1912 0 9
1913 0 10
1914 1 17
1915 0 16
1916 0 7
1917 1 13
1918 0 22
1921 0 8
1922 0 9
1923 0 7
1924 0 7
1925 0 3
1927 0 8
1928 0 25
1929 1 17
1930 0 9
1931 0 10
1932 1 14
1933 0 9
1934 1 37
1935 0 4
1938 0 12
1939 0 10
1940 1 25
1941 1 23
1942 0 10
1943 0 19
1944 1 12
1945 0 9
1946 0 11
1947 1 4
1948 0 8
1949 0 3
1950 0 16
1951 1 17
1953 0 13
1954 0 2
1955 0 16
1956 0 8
1957 1 14
1958 0 8
1959 1 19
1960 0 11
1961 0 10
1962 1 17
1963 1 25
1964 0 9
1966 1 9
1968 0 11
1969 0 11
1970 0 7
1971 1 11
1972 0 9
1973 0 8
1974 0 12
1975 0 7
1976 0 34
1977 0 15
1978 1 11
1979 1 20
1980 1 20
1981 0 11
1982 0 3
1983 0 10
1984 1 11
1985 1 26
1986 1 15
1989 0 3
1990 0 10
1991 0 15
1992 0 9
1993 0 8
1995 0 8
1996 0 11
1998 0 22
1999 0 17
2000 0 10
2001 0 10
2002 0 9
2003 0 28
2004 0 17
2005 0 8
2006 0 9
2007 1 15
2009 0 8
2011 0 10
2012 0 16
2013 0 8
2014 0 26
2015 0 18
2016 0 8
2017 0 7
2018 0 10
2019 0 7
2020 0 11
2021 0 11
2022 1 15
2023 0 11
2024 0 10
2025 0 7
2026 0 9
2028 0 13
2029 0 7
2030 0 10
2031 0 3
2032 0 15
2034 0 4
2036 0 11
2037 0 11
2040 1 23
2041 0 16
2042 0 6
2043 0 11
2044 0 7
2045 0 9
2046 0 15
2047 0 9
2048 0 7
2050 0 7
2051 0 4
2052 1 13
2053 0 10
2054 1 11
2055 0 11
2056 0 9
2057 0 12
2058 1 21
2059 0 16
2060 0 9
2061 0 7
2062 1 16
2063 0 8
2064 0 7
2065 0 7
2066 0 10
2067 1 12
2068 0 8
2070 0 8
2072 0 9
2074 1 20
2075 0 10
2076 1 46
2077 0 8
2078 1 13
2079 0 11
2080 0 12
2082 0 10
2083 0 7
2084 0 9
2085 0 7
2088 0 7
2089 1 11
2090 0 8
2091 0 11
2092 0 8
2094 1 17
2095 0 11
2097 0 7
2099 0 7
2100 0 7
2102 0 19
2103 1 15
2104 0 8
2105 0 8
2107 1 14
2108 1 16
2109 1 12
2110 1 27
2113 0 9
2114 0 13
2116 0 22
2118 1 13
2120 0 11
2121 0 19
2122 0 17
2123 0 22
2124 0 7
2125 0 9
2126 0 9
2127 1 11
2128 1 12
2130 0 8
2131 1 21
2132 1 22
2133 1 18
2134 0 8
2135 0 11
2136 0 12
2137 0 13
2140 0 11
2141 0 9
2143 0 8
2144 0 34
2145 0 21
2146 0 8
2147 0 9
2148 0 21
2150 1 15
2151 0 10
2152 0 10
2153 0 15
2155 0 3
2156 0 11
2157 0 3
2158 1 15
2159 0 9
2160 1 16
2161 1 22
2162 0 7
2163 0 10
2164 0 9
2165 1 18
2166 0 3
2167 1 17
2168 0 4
2169 0 7
2170 1 8
2171 0 11
2172 0 10
2173 1 16
2174 0 7
2176 1 29
2177 0 9
2178 1 11
2179 1 15
2181 1 12
2182 0 10
2183 0 28
2184 0 7
2185 0 11
2186 0 15
2188 0 8
2189 0 14
2190 0 7
2191 1 12
2192 1 33
2193 0 9
2195 1 15
2196 0 16
2198 0 7
2199 0 7
2200 1 16
2201 1 14
2202 0 6
2203 0 10
2205 1 11
2206 1 8
2207 1 7
2208 0 10
2209 0 7
2211 0 7
2212 0 11
2213 1 17
2214 0 10
2215 0 11
2217 0 9
2218 0 3
2219 0 9
2220 1 17
2221 0 12
2222 1 17
2223 0 11
2224 0 8
2226 1 12
2227 0 10
2228 1 11
2229 1 25
2230 1 12
2231 0 3
2232 1 17
2233 0 7
2234 0 10
2236 0 10
2238 0 23
2242 0 10
2243 0 14
2244 0 9
2245 0 9
2246 0 9
2247 1 6
2248 0 11
2249 0 10
2250 0 11
2251 0 9
2252 0 8
2253 1 41
2254 1 11
2255 0 9
2257 0 9
2258 0 15
2260 0 7
2262 0 9
2263 1 28
2264 0 17
2265 1 44
2266 0 16
2268 0 7
2269 0 6
2270 0 7
2272 0 8
2274 0 9
2275 0 9
2276 0 8
2277 0 11
2278 0 17
2279 1 22
2280 0 6
2281 0 10
2283 0 7
2284 0 5
2285 0 11
2287 0 8
2288 0 10
2289 0 8
2290 0 8
2291 1 12
2293 0 8
2295 0 11
2296 1 14
2297 0 10
2298 0 10
2299 0 18
2300 1 11
2301 0 16
2302 0 11
2303 1 12
2305 0 8
2307 0 8
2308 0 12
2309 1 12
2310 0 7
2311 0 13
2312 0 10
2314 1 36
2315 0 9
2316 0 8
2317 1 28
2319 0 7
2320 0 4
2321 1 26
2322 0 9
2323 0 10
2324 0 9
2327 0 6
2328 1 10
2329 0 11
2330 0 9
2331 0 7
2332 0 16
2333 0 11
2334 1 20
2335 1 43
2336 1 16
2337 0 20
2338 0 12
2340 0 8
2341 0 9
2342 0 22
2344 0 11
2345 0 11
2347 1 16
2348 0 8
2349 0 16
2351 0 7
2352 0 7
2354 0 8
2355 1 29
2356 1 15
2357 1 13
2359 0 6
2360 0 10
2362 0 9
2363 1 19
2364 0 11
2366 0 9
2367 0 14
2368 1 16
2369 0 6
2370 1 11
2372 0 15
2374 0 15
2375 0 10
2376 0 8
2378 0 2
2379 0 15
2380 0 9
2381 1 11
2384 1 16
2385 0 32
2386 0 10
2387 0 15
2390 0 17
2391 0 11
2393 0 8
2395 0 12
2396 1 34
2401 0 7
2402 0 10
2403 0 9
2404 0 8
2405 1 12
2406 1 29
2408 0 10
2409 0 6
2410 0 5
2412 0 11
2415 0 6
2416 0 10
2418 0 16
2419 0 9
2420 0 12
2421 1 17
2422 0 10
2423 1 8
2424 0 24
2425 1 42
2426 1 11
2427 0 13
2430 0 10
2431 0 16
2432 0 16
2434 0 12
2436 1 7
2437 0 15
2438 0 11
2439 0 10
2440 1 10
2441 0 8
2442 0 16
2443 0 10
2444 0 8
2445 0 7
2446 0 3
2447 0 9
2449 1 19
2451 0 3
2452 1 6
2454 0 11
2455 1 24
2456 0 14
2457 0 7
2458 0 9
2459 1 13
2460 0 9
2461 0 8
2463 0 15
2465 1 10
2466 0 23
2467 0 7
2468 0 11
2469 1 18
2470 0 16
2471 0 11
2472 0 14
2473 0 8
2474 0 9
2475 0 7
2478 0 10
2479 0 10
2480 1 13
2481 0 21
2482 0 6
2483 1 15
2484 0 8
2485 0 6
2487 0 8
2488 0 10
2489 0 9
2490 0 10
2491 0 34
2493 0 9
2494 1 11
2495 1 18
2496 0 7
2497 1 15
2498 0 49
2499 1 31
2500 0 11
2502 0 8
2503 1 11
2505 1 13
2507 0 11
2508 0 8
2509 1 6
2510 1 17
2511 0 7
2514 0 18
2515 0 11
2516 0 8
2517 1 16
2518 0 8
2519 0 6
2520 1 17
2521 1 12
2522 0 3
2523 1 11
2524 0 6
2525 1 14
2526 0 15
2527 1 12
2528 0 8
2529 0 8
2530 0 11
2531 1 13
2532 1 9
2533 0 18
2534 0 7
2535 0 17
2536 0 9
2537 0 4
2538 0 16
2539 0 11
2540 1 11
2541 0 16
2543 0 10
2544 1 13
2545 1 11
2546 0 14
2549 0 10
2550 0 8
2551 0 8
2552 0 6
2553 1 17
2554 0 9
2555 1 7
2557 0 23
2558 0 7
2559 0 10
2561 0 18
2562 1 12
2563 1 10
2565 0 8
2566 1 11
2567 0 16
2569 1 8
2570 0 11
2572 0 12
2573 0 10
2575 0 8
2576 1 16
2577 0 9
2578 0 4
2579 0 12
2581 1 7
2582 0 7
2584 1 11
2587 0 10
2588 0 11
2589 0 31
2590 1 14
2591 0 28
2592 1 21
2593 0 6
2594 0 7
2595 0 17
2596 0 7
2597 1 21
2598 1 26
2599 1 11
2600 0 18
2602 0 7
2603 0 8
2604 1 20
2605 1 36
2609 0 16
2610 1 11
2612 1 12
2613 1 16
2614 0 3
2615 1 11
2616 1 12
2617 0 12
2619 1 13
2620 0 14
2621 0 16
2622 1 29
2624 0 10
2626 1 20
2627 1 23
2630 1 16
2631 0 19
2632 0 23
2633 0 24
2634 1 19
2636 0 21
2637 0 8
2638 1 22
2639 0 10
2640 0 8
2641 0 12
2642 0 8
2644 1 11
2645 0 22
2646 0 7
2647 0 16
2648 0 13
2649 0 8
2650 0 11
2651 0 9
2652 1 10
2653 0 7
2654 0 18
2655 0 3
2656 1 8
2657 0 8
2658 1 18
2659 1 16
2660 0 17
2661 0 10
2662 0 11
2663 0 10
2664 1 11
2665 1 8
2666 0 6
2668 0 3
2669 1 10
2670 0 7
2672 0 11
2673 0 22
2674 1 17
2675 0 15
2676 1 20
2677 0 15
2678 0 7
2679 0 16
2680 1 12
2681 0 8
2682 1 13
2683 0 6
2684 1 31
2685 0 7
2686 0 7
2687 0 5
2688 0 9
2689 0 9
2690 0 16
2691 0 7
2692 1 18
2695 1 19
2696 0 22
2698 0 16
2700 0 15
2701 0 11
2702 1 13
2703 1 16
2704 0 7
2706 0 6
2707 0 9
2708 0 9
2709 1 14
2710 1 12
2711 0 13
2712 1 11
2713 1 12
2714 0 8
2716 0 10
2717 1 16
2718 0 8
2719 0 6
2720 1 12
2721 0 3
2722 0 9
2723 1 22
2724 0 5
2725 1 14
2726 0 8
2727 0 7
2728 0 10
2729 1 17
2730 1 12
2732 0 11
2733 1 10
2734 0 7
2735 0 6
2736 1 17
2737 0 22
2738 0 8
2740 0 10
2741 0 16
2742 1 13
2743 1 17
2745 0 26
2746 1 11
2747 1 10
2748 0 11
2749 0 6
2750 0 11
2751 0 10
2752 1 15
2754 0 10
2755 0 9
2756 0 10
2757 1 14
2759 0 9
2760 0 14
2761 1 19
2762 0 9
2765 1 16
2766 1 12
2769 0 16
2771 1 11
2772 1 16
2774 1 14
2776 1 17
2777 0 7
2779 0 11
2781 1 11
2782 1 7
2785 0 47
2786 0 30
2789 0 6
2791 0 3
2792 0 3
2795 0 7
2796 0 5
2798 0 8
2799 0 9
2800 1 16
2803 0 24
2804 0 17
2805 0 17
2806 0 29
2807 0 15
2808 0 3
2809 0 9
2810 1 19
2811 0 7
2812 0 8
2813 0 8
2814 0 8
2815 1 25
2816 0 6
2817 0 8
2819 0 9
2820 1 26
2821 1 12
2822 0 20
2823 0 7
2824 1 12
2825 1 11
2826 0 10
2827 1 17
2829 0 11
2830 0 9
2831 0 6
2832 0 11
2833 1 14
2834 0 11
2835 0 9
2836 0 17
2837 0 10
2838 0 5
2840 0 12
2841 0 14
2842 1 24
2843 1 12
2844 0 8
2845 0 11
2846 1 13
2847 1 7
2848 0 15
2849 0 8
2850 0 10
2851 0 4
2852 1 12
2853 0 9
2854 1 15
2856 0 10
2857 0 10
2859 0 11
2862 0 10
2863 0 6
2864 1 23
2865 1 16
2866 0 7
2867 0 15
2868 0 13
2869 0 7
2870 0 8
2871 0 6
2872 0 9
2873 0 9
2874 0 4
2875 0 9
2876 0 12
2877 0 17
2878 1 21
2881 0 38
2883 0 11
2884 0 16
2885 1 29
2886 0 7
2887 1 40
2888 1 3
2889 0 8
2890 0 10
2891 1 11
2892 0 9
2893 0 9
2894 0 8
2896 0 10
2897 1 23
2899 0 6
2900 0 10
2901 0 9
2902 0 14
2903 0 9
2904 1 15
2906 0 9
2907 0 15
2908 0 7
2911 0 6
2912 0 13
2914 1 21
2915 0 21
2916 1 11
2917 1 11
2919 1 11
2920 0 9
2921 0 44
2923 0 26
2924 0 6
2925 0 13
2927 0 16
2928 1 19
2930 1 14
2931 0 17
2932 0 11
2934 0 7
2935 0 24
2936 0 10
2937 0 9
2938 0 3
2939 1 16
2941 1 16
2942 1 20
2943 0 7
2944 0 16
2945 1 12
2946 0 29
2947 1 14
2948 0 8
2949 0 10
2950 0 11
2952 1 16
2953 1 13
2954 0 11
2955 0 17
2956 1 23
2957 0 11
2958 0 7
2960 1 19
2963 0 6
2964 1 24
2965 0 8
2967 0 7
2968 1 22
2969 0 14
2970 1 42
2971 0 9
2972 0 7
2973 1 15
2974 0 11
2975 1 11
2976 0 7
2977 0 18
2978 1 18
2979 0 8
2980 0 17
2981 0 6
2983 0 9
2984 0 9
2985 0 11
2987 0 9
2988 0 9
2989 1 13
2990 1 16
2991 0 12
2993 1 21
2994 1 11
2995 1 17
2996 0 3
2997 0 10
2998 0 4
3000 0 15
3001 1 29
3002 0 9
3003 0 16
3005 0 16
3006 0 11
3008 0 4
3009 0 6
3010 1 11
3011 0 5
3012 0 8
3015 0 15
3016 0 9
3017 0 13
3018 0 8
3019 0 7
3020 1 10
3021 0 10
3022 0 10
3023 1 10
3024 1 14
3025 0 7
3026 0 16
3027 0 15
3028 0 9
3029 0 19
3030 0 23
3031 0 14
3032 1 12
3033 0 2
3034 0 8
3035 0 9
3036 0 7
3037 0 7
3040 1 14
3042 0 14
3043 0 8
3044 0 11
3045 0 8
3046 0 11
3047 0 11
3048 1 16
3049 0 9
3050 0 8
3051 0 13
3052 0 27
3053 0 9
3054 0 7
3055 0 7
3056 0 7
3057 0 17
3058 0 11
3060 1 14
3061 0 15
3062 0 8
3063 1 11
3064 0 16
3065 0 7
3066 0 2
3067 0 17
3068 0 11
3069 0 10
3070 0 5
3071 0 17
3072 0 9
3073 0 10
3074 0 8
3075 0 4
3076 0 6
3077 0 16
3078 0 7
3080 0 7
3081 0 5
3082 0 12
3083 0 10
3084 1 16
3085 1 16
3086 0 9
3087 0 7
3088 0 9
3090 1 21
3091 0 7
3092 1 16
3093 0 18
3095 0 8
3096 0 9
3097 0 11
3099 0 15
3100 1 16
3101 0 12
3102 0 13
3103 1 8
3104 0 11
3105 0 8
3106 0 10
3107 0 7
3110 0 9
3111 0 7
3112 0 7
3113 0 8
3115 0 73
3116 0 7
3117 0 7
3118 0 9
3119 0 14
3120 0 11
3122 0 11
3124 0 10
3125 0 11
3126 0 10
3127 1 16
3128 0 8
3129 0 10
3130 0 16
3131 0 3
3132 0 10
3133 0 10
3134 0 9
3136 0 8
3137 0 10
3138 1 14
3139 1 9
3141 0 9
3142 0 9
3143 1 11
3145 1 14
3146 0 14
3147 0 11
3148 1 14
3149 1 11
3150 0 23
3151 1 14
3152 1 16
3153 0 4
3155 0 8
3156 1 29
3157 0 11
3158 1 15
3159 1 18
3160 1 13
3162 0 42
3163 1 7
3164 0 11
3165 0 10
3166 0 14
3167 0 11
3168 0 12
3169 0 7
3170 0 9
3172 0 10
3173 0 10
3174 0 7
3178 0 9
3180 0 8
3182 1 26
3183 0 6
3184 0 8
3185 0 18
3187 0 6
3189 0 50
3190 1 23
3192 0 10
3193 0 39
3194 0 14
3197 0 9
3198 1 14
3199 0 9
3200 0 7
3201 0 4
3202 1 13
3203 0 16
3205 0 16
3206 0 11
3207 0 16
3208 0 3
3209 0 7
3210 0 5
3211 1 11
3213 1 6
3214 0 2
3215 0 9
3216 0 8
3218 0 11
3219 0 10
3221 1 11
3222 0 7
3223 0 7
3224 0 7
3225 1 14
3226 0 7
3227 1 5
3228 1 36
3231 0 9
3232 0 8
3233 0 4
3234 0 8
3235 1 11
3236 1 11
3237 0 6
3238 0 9
3239 1 34
3240 0 15
3241 0 7
3243 0 23
3244 0 8
3245 0 8
3246 0 3
3249 0 11
3250 0 15
3251 0 7
3252 0 7
3253 1 14
3254 0 16
3256 0 5
3257 0 4
3260 1 12
3261 0 9
3262 0 9
3264 1 11
3265 1 13
3266 0 11
3267 0 10
3268 1 16
3269 1 13
3270 0 5
3271 0 13
3272 1 16
3274 0 8
3275 0 24
3276 1 23
3277 0 7
3278 1 13
3279 0 15
3280 0 9
3281 0 14
3282 0 7
3283 0 7
3284 0 10
3285 0 6
3286 0 16
3287 0 11
3288 1 17
3289 0 11
3290 1 11
3291 0 10
3292 0 10
3293 0 11
3294 0 11
3295 1 12
3296 0 11
3297 1 16
3298 0 12
3299 1 17
3300 0 10
3301 0 16
3302 0 17
3303 0 8
3305 0 9
3306 1 26
3308 0 6
3309 0 7
3310 1 12
3312 0 9
3313 0 8
3314 0 14
3315 1 18
3316 0 8
3318 0 12
3321 1 17
3322 0 8
3323 0 7
3324 0 11
3326 0 7
3327 1 22
3328 0 34
3329 1 11
3330 0 11
3331 0 11
3332 0 9
3333 0 9
3334 0 10
3335 0 11
3336 1 8
3337 1 17
3339 0 7
3340 0 7
3341 0 16
3342 1 9
3343 0 11
3344 0 4
3345 0 13
3346 0 9
3347 0 18
3349 0 21
3352 0 8
3353 1 13
3354 0 7
3355 1 34
3356 1 17
3357 1 14
3358 0 8
3359 1 11
3360 1 14
3363 0 9
3364 0 11
3365 0 4
3366 0 8
3367 0 18
3368 0 11
3369 0 16
3371 0 20
3372 0 15
3373 0 12
3376 0 9
3377 0 19
3378 0 13
3380 1 19
3382 0 7
3383 1 15
3384 0 7
3385 0 3
3387 0 15
3388 1 11
3389 0 11
3390 1 14
3391 0 9
3393 0 7
3394 0 11
3395 0 13
3396 0 7
3397 0 6
3398 0 8
3399 1 10
3400 0 13
3401 0 16
3402 0 10
3403 0 7
3404 0 7
3405 1 13
3406 0 10
3407 0 7
3408 0 11
3409 1 11
3413 0 3
3414 0 10
3415 1 12
3418 0 7
3419 1 13
3420 0 8
3421 0 18
3422 1 34
3423 0 7
3424 0 7
3425 0 14
3426 0 9
3429 0 4
3431 0 8
3432 0 15
3434 1 23
3435 0 16
3436 1 21
3437 0 19
3438 0 12
3439 0 3
3440 1 19
3441 0 7
3442 0 8
3443 0 5
3444 0 11
3445 0 7
3446 0 8
3448 0 3
3449 1 28
3450 0 13
3451 1 14
3452 1 11
3453 1 9
3454 0 8
3455 0 8
3456 0 10
3457 0 11
3458 0 11
3459 0 16
3460 0 7
3461 0 10
3462 0 14
3463 0 11
3464 0 2
3465 0 10
3466 0 12
3467 1 12
3468 0 8
3469 0 7
3470 0 10
3471 0 7
3473 0 9
3474 0 9
3476 1 19
3477 1 17
3478 0 11
3479 0 7
3480 0 9
3481 1 12
3482 1 13
3483 0 11
3484 0 16
3486 1 17
3487 1 29
3488 0 10
3489 0 3
3490 0 10
3493 0 7
3494 0 8
3495 0 11
3496 1 8
3497 0 16
3498 1 13
3501 0 16
3503 0 9
3504 0 8
3505 0 29
3506 0 10
3507 1 14
3508 1 17
3509 0 6
3510 0 16
3511 1 9
3513 0 7
3514 0 10
3515 0 11
3517 0 3
3519 0 16
3520 0 10
3522 0 24
3524 0 7
3527 0 11
3528 0 7
3529 0 9
3530 0 9
3531 0 7
3532 0 13
3533 0 3
3534 0 16
3535 0 10
3537 0 12
3539 0 7
3541 1 13
3543 1 19
3544 1 18
3545 0 9
3546 1 12
3548 0 50
3550 0 9
3554 1 15
3558 0 40
3559 1 22
3561 0 10
3562 1 12
3563 0 9
3564 0 7
3565 0 21
3566 0 7
3567 0 11
3568 0 8
3569 1 13
3570 0 17
3571 0 11
3572 0 6
3574 0 8
3575 1 13
3576 0 6
3577 0 10
3578 1 13
3581 0 8
3582 0 5
3583 0 10
3584 1 23
3585 0 7
3586 0 6
3587 1 12
3589 0 9
3590 0 10
3591 0 9
3594 1 12
3595 1 10
3597 0 10
3600 1 11
3601 0 8
3602 0 7
3604 1 7
3605 0 10
3606 0 8
3608 1 9
3609 0 9
3612 0 8
3613 0 10
3615 1 43
3616 0 11
3617 1 14
3619 0 14
3621 0 12
3622 0 15
3623 0 8
3624 0 11
3625 0 16
3627 0 8
3628 1 13
3630 0 26
3631 0 15
3632 0 4
3633 1 14
3634 0 11
3635 0 12
3637 0 15
3638 0 10
3639 0 16
3640 1 12
3641 0 9
3642 0 11
3643 0 16
3644 0 14
3645 0 8
3646 0 11
3647 0 11
3648 1 12
3649 1 21
3650 1 12
3651 1 19
3653 0 17
3654 0 36
3655 1 4
3656 0 11
3657 0 9
3658 1 12
3659 0 10
3661 0 11
3662 0 9
3664 1 23
3665 0 8
3666 1 13
3667 0 7
3670 0 10
3671 0 11
3672 0 9
3673 0 9
3674 0 11
3677 0 9
3678 0 17
3679 1 18
3680 0 9
3681 0 8
3682 0 8
3683 0 8
3684 0 9
3685 0 15
3686 0 8
3687 0 10
3688 0 7
3689 1 11
3690 1 22
3691 0 5
3693 1 23
3696 0 18
3698 0 7
3699 1 16
3700 0 13
3702 0 4
3704 1 13
3705 0 4
3706 0 10
3707 1 12
3708 0 7
3709 0 11
3710 1 16
3711 1 23
3712 0 20
3713 1 17
3715 0 9
3716 1 12
3718 0 17
3719 0 10
3720 0 8
3721 1 37
3723 1 46
3725 0 9
3726 0 9
3727 0 16
3728 0 8
3730 1 11
3731 0 4
3732 1 19
3735 0 24
3737 0 6
3739 1 11
3740 0 13
3741 1 11
3742 0 7
3744 1 19
3746 0 10
3747 1 14
3748 0 9
3749 0 10
3754 0 6
3756 0 8
3757 0 11
3758 1 19
3760 1 15
3761 0 9
3762 0 10
3763 1 11
3764 0 26
3766 1 13
3768 0 9
3769 0 11
3770 0 9
3772 0 7
3773 0 9
3775 0 8
3777 0 28
3778 1 11
3779 0 8
3780 0 20
3781 0 17
3782 0 8
3783 0 10
3784 0 4
3785 0 17
3786 0 10
3787 0 9
3788 1 17
3790 0 9
3791 0 11
3793 1 14
3794 1 11
3795 0 16
3796 0 23
3797 1 11
3798 0 11
3799 1 11
3801 0 26
3802 0 20
3803 0 9
3805 1 11
3806 0 9
3807 0 6
3808 0 9
3809 0 9
3810 0 4
3811 0 16
3812 0 3
3813 1 50
3814 0 16
3815 0 11
3816 0 3
3817 0 10
3819 1 26
3820 0 25
3821 1 11
3822 0 10
3823 0 7
3824 1 27
3826 1 12
3827 0 7
3829 0 15
3830 0 7
3831 1 10
3832 0 11
3833 0 16
3834 0 6
3835 0 11
3836 0 22
3837 1 13
3838 0 8
3839 0 10
3842 0 18
3845 0 15
3846 1 11
3847 0 3
3848 0 12
3850 0 8
3851 0 12
3852 0 7
3854 0 9
3855 0 10
3856 0 9
3858 1 11
3859 1 23
3860 1 17
3861 1 11
3862 0 6
3863 0 6
3864 0 8
3865 0 7
3868 0 8
3869 0 12
3870 0 7
3871 0 12
3872 0 6
3873 0 9
3874 0 7
3875 0 9
3876 1 36
3877 0 6
3879 1 12
3880 0 11
3881 1 21
3883 1 10
3884 0 3
3885 0 9
3886 0 12
3887 0 7
3888 0 11
3889 0 10
3891 0 12
3893 0 17
3894 0 11
3895 0 10
3896 1 11
3898 0 10
3899 0 7
3901 1 15
3902 0 11
3903 0 11
3904 1 11
3905 0 9
3906 0 10
3907 0 3
3909 0 7
3910 0 19
3911 1 12
3912 0 28
3913 0 7
3914 0 11
3915 0 9
3917 0 7
3918 0 9
3919 0 10
3921 0 7
3924 0 8
3925 1 24
3926 1 10
3928 1 11
3930 0 10
3931 0 3
3932 0 25
3933 1 16
3935 0 8
3936 0 6
3937 1 17
3938 0 9
3939 0 8
3940 0 10
3941 1 35
3943 0 8
3944 0 5
3945 0 11
3946 0 10
3947 1 18
3950 0 17
3951 1 14
3952 0 8
3953 0 8
3955 0 12
3956 0 9
3957 0 14
3958 0 7
3959 1 10
3960 1 14
3961 0 9
3962 0 19
3963 1 16
3964 0 4
3965 0 9
3966 0 16
3967 1 12
3968 1 32
3969 0 7
3970 0 8
3972 0 11
3973 0 10
3974 0 11
3975 0 18
3976 1 11
3977 0 7
3978 0 11
3979 1 11
3980 1 17
3982 0 20
3983 0 9
3984 0 9
3985 1 12
3986 0 4
3987 1 13
3988 0 28
3989 0 8
3990 0 11
3992 0 11
3994 0 10
3995 1 16
3999 0 10
4000 0 10
4001 0 7
4002 0 4
4003 0 7
4004 0 7
4006 0 9
4007 1 15
4008 0 9
4009 0 7
4010 0 10
4011 0 11
4012 0 10
4013 1 16
4015 0 14
4016 0 11
4019 0 10
4021 0 8
4022 1 15
4023 0 7
4024 0 9
4025 0 14
4026 0 9
4028 0 10
4029 0 16
4030 1 9
4032 0 6
4033 0 13
4034 0 7
4035 1 11
4036 0 17
4037 1 25
4039 0 17
4040 1 9
4041 0 8
4042 0 7
4044 0 16
4046 0 7
4047 0 2
4048 0 9
4049 0 7
4050 0 6
4051 0 12
4052 0 10
4053 0 9
4054 1 13
4055 1 13
4056 0 7
4057 0 7
4058 0 9
4059 1 11
4062 0 11
4064 0 9
4065 1 26
4067 1 12
4068 0 10
4069 0 11
4070 0 15
4072 0 11
4073 1 19
4074 1 11
4075 0 8
4077 0 10
4078 0 10
4079 0 9
4080 0 11
4081 0 7
4082 0 12
4083 1 10
4084 0 10
4085 0 20
4086 0 9
4087 0 4
4088 0 6
4089 0 9
4090 1 16
4091 0 6
4093 0 7
4094 1 14
4095 1 15
4096 0 3
4097 1 6
4098 1 14
4099 0 7
4101 0 10
4103 0 9
4106 0 7
4107 1 11
4108 0 11
4109 0 8
4110 1 11
4111 0 9
4113 0 3
4114 1 26
4115 0 7
4116 1 14
4117 0 11
4118 0 14
4120 0 10
4125 0 11
4126 0 7
4127 0 23
4130 0 8
4131 1 10
4132 0 11
4133 1 6
4134 1 11
4135 0 11
4136 1 34
4137 0 17
4138 1 17
4139 0 6
4142 1 15
4143 0 11
4144 0 17
4145 0 10
4146 0 4
4147 0 7
4148 0 25
4149 0 16
4150 0 16
4151 0 11
4153 0 9
4156 0 4
4157 0 11
4158 0 13
4159 1 14
4160 1 14
4161 0 8
4162 1 12
4163 0 8
4164 0 10
4166 0 3
4167 0 7
4169 1 12
4170 1 18
4171 1 19
4172 0 16
4173 0 11
4174 0 12
4175 0 7
4176 0 7
4178 1 14
4180 0 4
4181 0 8
4182 0 9
4183 0 4
4184 0 10
4185 0 7
4186 0 11
4187 0 6
4188 1 10
4190 1 18
4191 0 8
4192 1 16
4193 0 11
4194 1 12
4195 0 13
4196 1 25
4198 0 8
4200 1 11
4203 0 10
4204 0 8
4205 0 15
4206 0 9
4207 0 28
4208 1 18
4209 0 26
4210 1 10
4211 1 6
4212 1 7
4213 0 8
4214 0 10
4215 0 11
4216 0 8
4217 0 3
4218 0 8
4219 1 19
4220 0 9
4221 0 9
4222 0 19
4223 1 19
4224 1 19
4226 0 11
4227 0 14
4228 0 10
4229 0 10
4230 0 8
4231 1 14
4232 1 15
4233 1 22
4235 1 8
4236 0 7
4238 0 18
4239 1 28
4241 0 7
4242 0 7
4243 0 21
4244 0 11
4245 0 15
4249 0 6
4250 0 3
4253 0 6
4254 0 11
4255 1 12
4256 0 7
4257 0 7
4258 0 9
4260 0 12
4261 0 14
4262 1 12
4263 0 9
4265 0 10
4266 1 17
4268 0 15
4269 1 29
4271 1 28
4272 0 11
4274 0 9
4276 1 29
4277 0 24
4278 0 10
4281 0 14
4282 0 16
4284 0 10
4286 1 11
4287 0 9
4288 0 12
4289 0 6
4291 0 9
4292 0 9
4293 0 8
4294 0 9
4295 0 10
4296 0 12
4298 1 11
4299 0 3
4301 1 21
4302 0 8
4303 0 2
4304 1 16
4305 1 18
4307 0 3
4311 0 10
4312 0 10
4313 0 9
4314 0 11
4315 0 8
4316 0 13
4317 0 8
4318 0 15
4319 0 15
4321 0 16
4322 0 11
4323 0 30
4326 0 8
4327 1 8
4328 1 17
4330 0 8
4331 0 3
4332 1 18
4334 1 15
4335 0 12
4336 0 10
4337 0 6
4338 0 8
4339 0 3
4340 0 8
4341 0 7
4342 1 11
4343 1 14
4344 0 14
4345 1 11
4346 0 10
4347 0 22
4348 0 10
4349 0 10
4350 0 9
4351 1 23
4352 1 18
4354 1 21
4355 0 9
4357 0 7
4359 0 10
4360 1 23
4361 0 7
4362 0 10
4363 0 7
4364 0 16
4366 0 8
4367 0 8
4368 1 11
4369 0 16
4370 0 6
4371 1 16
4372 0 9
4375 0 10
4376 0 11
4377 0 9
4378 1 13
4379 1 9
4381 0 6
4382 0 8
4383 0 19
4384 1 15
4385 0 6
4386 1 16
4387 0 7
4388 0 7
4389 0 9
4391 0 7
4392 0 3
4393 0 11
4394 0 16
4395 0 11
4396 0 17
4397 0 3
4398 0 8
4400 1 29
4401 1 12
4402 1 16
4404 0 16
4405 0 9
4406 0 15
4407 1 15
4409 1 10
4411 0 9
4412 1 14
4415 1 16
4416 1 21
4417 0 7
4418 0 7
4419 1 20
4420 0 9
4421 0 13
4422 0 8
4423 0 10
4425 0 8
4426 0 15
4427 0 16
4428 0 15
4429 1 15
4430 1 27
4432 1 12
4433 1 9
4435 0 34
4436 0 16
4437 0 3
4439 0 3
4440 1 14
4442 0 11
4443 1 11
4444 1 11
4445 1 18
4446 1 14
4448 0 9
4450 0 8
4451 0 10
4453 0 4
4454 1 40
4455 1 8
4456 1 11
4457 0 3
4458 0 22
4459 0 10
4460 0 9
4461 0 10
4463 1 11
4464 0 6
4465 0 19
4467 0 8
4468 0 11
4469 1 15
4471 0 7
4473 1 11
4474 0 6
4475 0 12
4476 0 5
4478 0 10
4479 0 7
4480 0 11
4482 0 10
4483 0 10
4484 0 17
4486 0 17
4487 0 11
4488 0 16
4489 1 14
4490 0 10
4491 1 16
4494 0 7
4495 0 7
4497 0 3
4498 1 13
4499 0 16
4500 0 27
4502 1 17
4504 1 10
4505 1 12
4506 0 16
4507 0 17
4508 0 10
4509 1 25
4510 0 12
4512 0 11
4513 0 22
4514 0 8
4515 0 7
4517 0 11
4518 0 9
4519 0 9
4521 0 7
4522 0 5
4523 0 7
4524 0 7
4525 0 10
4526 0 10
4527 0 16
4528 1 20
4529 0 37
4530 0 9
4531 0 7
4532 0 16
4533 1 23
4534 1 11
4535 0 17
4536 0 2
4537 0 10
4539 0 3
4540 0 4
4541 0 11
4543 0 8
4544 0 10
4545 0 11
4546 0 19
4547 0 7
4548 0 13
4549 1 16
4552 0 10
4553 0 7
4554 0 39
4556 0 3
4557 0 15
4558 0 7
4559 1 17
4560 0 10
4561 0 11
4562 1 33
4563 0 7
4564 0 6
4566 0 4
4567 0 11
4568 0 10
4569 1 14
4572 1 11
4573 0 8
4574 0 8
4575 0 17
4577 0 8
4578 0 9
4579 0 8
4580 1 18
4581 0 11
4582 1 11
4583 0 8
4585 1 11
4588 1 21
4589 0 10
4590 0 9
4593 0 16
4594 0 7
4595 0 16
4596 0 11
4597 0 11
4598 0 13
4599 0 11
4600 0 11
4602 0 4
4603 0 7
4604 1 12
4605 0 10
4606 0 8
4607 0 8
4608 1 10
4610 0 9
4611 0 11
4612 0 5
4613 1 12
4614 0 8
4615 0 7
4618 1 10
4619 1 10
4620 0 12
4621 0 4
4622 1 11
4624 0 7
4625 0 8
4627 0 9
4628 0 4
4629 0 6
4630 0 8
4631 0 8
4633 0 20
4634 0 8
4635 0 8
4639 0 16
4640 1 16
4641 0 7
4642 0 8
4643 1 14
4644 1 19
4646 0 16
4647 0 3
4648 0 14
4649 0 10
4650 0 3
4651 0 10
4653 0 9
4654 0 11
4655 0 16
4656 1 11
4657 0 9
4659 0 11
4660 1 23
4662 0 5
4663 1 17
4664 0 8
4665 0 10
4666 0 9
4669 1 14
4670 0 10
4671 0 31
4672 0 12
4673 1 20
4675 0 11
4676 0 7
4677 1 10
4678 0 7
4679 0 9
4680 1 8
4681 1 11
4683 0 7
4685 0 11
4687 0 9
4688 0 16
4690 0 14
4691 0 9
4693 1 9
4694 0 7
4695 0 9
4698 1 25
4700 0 7
4701 0 13
4702 0 9
4703 0 14
4704 0 21
4705 0 10
4706 0 23
4707 0 10
4708 0 7
4709 0 4
4712 0 8
4713 1 14
4714 0 16
4715 1 12
4716 1 22
4717 1 11
4719 0 11
4720 1 22
4721 0 7
4722 0 4
4723 0 3
4724 0 7
4725 0 11
4726 0 11
4727 1 18
4728 0 8
4729 0 9
4731 0 11
4732 1 20
4733 0 4
4734 0 11
4735 0 8
4738 1 12
4740 1 15
4741 0 9
4742 0 9
4743 1 17
4746 0 9
4747 0 9
4748 0 7
4749 0 7
4750 1 16
4751 1 26
4752 0 11
4753 1 16
4755 1 39
4756 0 8
4757 0 16
4758 0 11
4759 0 9
4760 1 14
4761 0 23
4762 0 15
4765 0 7
4766 0 19
4767 0 9
4768 0 11
4769 1 23
4771 1 27
4772 0 8
4773 0 7
4774 0 9
4775 1 9
4776 0 23
4777 1 16
4779 0 10
4781 0 16
4782 0 8
4783 1 18
4785 1 10
4786 0 10
4787 0 4
4788 0 7
4789 0 9
4790 0 4
4791 0 6
4792 0 11
4793 1 18
4794 0 7
4795 1 15
4797 0 10
4798 0 6
4799 0 6
4800 0 4
4801 0 11
4802 1 31
4804 1 15
4805 1 7
4806 0 11
4808 1 15
4809 0 7
4810 0 3
4811 0 10
4813 1 17
4814 1 11
4815 0 11
4816 1 13
4817 1 12
4818 0 8
4819 0 10
4820 0 17
4821 0 10
4822 0 6
4823 0 8
4824 0 13
4826 0 13
4829 1 17
4830 0 9
4831 1 13
4832 1 11
4833 1 13
4834 1 37
4835 0 17
4836 0 12
4838 0 6
4839 1 10
4840 0 11
4841 0 10
4842 0 8
4843 0 9
4845 1 19
4847 1 8
4848 0 9
4849 0 9
4850 0 9
4851 0 16
4852 1 11
4853 1 11
4854 0 15
4856 0 8
4857 1 41
4859 0 26
4860 0 8
4861 1 15
4862 0 16
4863 1 17
4864 0 7
4865 0 7
4866 0 16
4867 0 10
4868 1 19
4869 1 13
4870 0 11
4871 1 28
4872 1 13
4873 1 10
4874 0 12
4875 1 19
4877 1 23
4881 1 32
4882 0 9
4883 0 19
4885 0 8
4886 0 10
4887 0 9
4888 0 11
4889 1 12
4891 0 16
4893 1 19
4894 0 10
4896 1 16
4897 1 15
4898 0 8
4899 0 10
4900 0 8
4901 1 9
4902 0 7
4903 0 8
4904 1 9
4906 0 16
4907 0 11
4908 1 9
4909 0 11
4910 0 4
4911 0 13
4912 0 8
4913 0 7
4914 0 16
4915 1 13
4917 1 10
4918 0 34
4919 0 10
4920 1 16
4922 0 8
4923 1 18
4925 0 13
4926 1 12
4927 0 5
4928 1 15
4929 1 13
4930 0 16
4931 1 17
4932 0 8
4933 0 11
4934 0 8
4935 0 7
4936 0 10
4937 0 11
4938 1 9
4939 0 10
4940 0 42
4941 1 13
4942 0 11
4943 1 18
4946 0 10
4947 0 5
4948 1 11
4949 0 7
4951 1 15
4952 1 23
4954 1 12
4955 1 13
4956 0 7
4957 1 19
4960 0 9
4961 1 14
4962 0 17
4963 1 16
4964 0 7
4965 0 16
4967 0 4
4968 0 18
4969 1 13
4971 0 13
4974 1 21
4978 0 11
4979 0 7
4980 1 11
4982 1 18
4983 0 12
4984 0 20
4986 0 12
4987 0 3
4988 1 11
4989 0 12
4990 1 22
4991 0 10
4992 0 9
4994 0 8
4995 0 11
4996 1 17
4997 0 7
4999 0 10
5000 0 10
5002 0 11
5004 0 10
5007 0 8
5008 0 11
5009 0 23
5011 0 8
5012 0 8
5013 0 8
5014 1 12
5016 1 11
5017 0 7
5018 0 3
5019 1 11
5020 1 19
5021 0 6
5022 0 10
5023 1 11
5024 1 34
5026 1 12
5027 0 18
5028 1 13
5029 0 27
5030 0 9
5031 0 3
5032 0 19
5033 0 10
5035 0 8
5036 0 10
5037 0 5
5038 1 15
5039 0 7
5040 1 17
5041 1 16
5042 0 7
5043 0 8
5044 0 7
5046 0 9
5047 0 29
5048 1 23
5049 0 12
5050 0 13
5052 0 11
5054 0 6
5055 0 5
5056 0 18
5057 0 16
5058 0 22
5061 1 19
5064 1 73
5065 0 9
5067 1 11
5068 0 27
5069 0 16
5070 0 17
5071 0 9
5073 1 15
5074 0 7
5075 0 7
5076 0 10
5077 0 6
5078 1 11
5079 0 4
5080 1 31
5081 0 10
5082 1 11
5083 1 13
5084 0 8
5086 0 5
5087 0 10
5088 0 8
5089 0 7
5090 0 11
5091 0 11
5092 1 15
5093 0 8
5094 0 8
5095 1 10
5097 0 9
5098 1 14
5099 0 7
5102 0 21
5104 0 7
5106 0 8
5108 0 7
5109 0 19
5110 0 3
5111 0 8
5112 0 11
5114 1 15
5115 1 21
5116 0 21
5117 0 9
5119 0 10
5120 1 10
5124 0 7
5125 0 16
5126 0 19
5127 0 2
5128 0 10
5129 1 18
5130 1 16
5131 1 14
5133 0 8
5134 1 14
5135 0 11
5136 0 11
5137 1 17
5138 1 13
5139 0 9
5140 0 8
5141 1 22
5142 1 22
5144 0 7
5145 0 11
5147 0 7
5148 0 22
5149 0 8
5150 0 11
5153 0 11
5154 0 10
5155 1 14
5156 0 11
5157 1 15
5158 1 13
5159 1 19
5161 0 9
5162 1 17
5164 1 22
5165 0 25
5167 0 7
5168 0 23
5171 0 9
5172 0 9
5174 0 7
5175 1 10
5176 0 8
5177 1 14
5178 0 10
5179 1 27
5180 0 9
5181 0 21
5182 1 28
5183 0 9
5185 0 8
5187 0 6
5188 1 12
5189 0 13
5190 0 9
5191 0 9
5192 0 8
5193 1 16
5194 0 8
5195 0 7
5196 1 19
5197 0 8
5198 0 10
5200 1 28
5201 0 23
5202 0 10
5203 0 9
5204 0 10
5205 0 10
5209 0 13
5210 1 22
5211 1 11
5213 0 7
5217 0 8
5219 0 10
5221 1 8
5222 0 5
5223 1 10
5225 0 7
5227 1 14
5228 0 7
5229 1 21
5230 1 9
5232 0 50
5233 1 23
5234 0 10
5235 0 8
5237 1 22
5238 0 9
5239 1 10
5240 1 12
5241 0 11
5242 0 11
5243 0 2
5245 0 8
5246 1 21
5247 0 17
5248 1 17
5249 0 8
5250 0 8
5251 0 7
5252 0 11
5253 1 11
5254 1 13
5255 0 10
5257 0 20
5258 1 25
5259 0 10
5260 0 7
5261 0 9
5262 1 7
5264 0 9
5265 1 21
5266 1 10
5267 1 4
5268 1 10
5270 1 16
5271 0 7
5272 0 10
5274 0 16
5275 0 18
5276 0 11
5277 0 17
5278 1 19
5279 1 10
5280 0 7
5281 0 8
5282 0 4
5283 0 14
5284 0 8
5285 1 5
5286 0 6
5287 0 8
5288 0 17
5289 0 26
5290 1 21
5291 0 9
5292 0 8
5293 0 7
5294 0 22
5295 0 8
5296 0 11
5297 0 10
5298 0 5
5299 0 9
5300 1 11
5301 1 13
5302 1 14
5303 0 25
5304 0 8
5307 0 7
5308 0 15
5309 0 11
5310 0 7
5312 0 3
5314 1 20
5315 0 12
5316 1 7
5319 1 14
5320 0 11
5321 0 16
5322 1 35
5325 0 3
5326 0 11
5327 0 10
5329 1 18
5330 0 9
5331 0 7
5332 0 18
5333 0 12
5336 0 9
5337 0 8
5338 0 16
5339 0 8
5340 1 27
5342 1 11
5344 0 11
5345 0 9
5349 0 8
5350 0 10
5351 0 12
5352 1 21
5353 0 9
5354 0 11
5355 0 16
5357 1 17
5358 0 8
5360 0 9
5361 0 7
5362 0 10
5363 1 13
5364 1 15
5365 1 39
5366 1 22
5367 1 12
5368 0 13
5369 0 6
5370 0 11
5371 0 13
5372 1 10
5373 0 9
5374 0 4
5375 1 41
5376 0 39
5377 0 5
5378 0 9
5379 0 7
5380 0 20
5381 0 14
5382 1 12
5383 0 11
5385 0 7
5386 0 25
5387 0 8
5389 1 15
5390 0 9
5391 0 16
5392 0 7
5394 0 9
5395 0 10
5397 0 9
5398 0 7
5399 1 19
5400 0 16
5401 1 14
5402 0 22
5403 0 8
5405 0 16
5407 0 50
5408 1 18
5409 1 13
5410 0 13
5411 1 23
5413 0 29
5414 0 25
5415 1 3
5416 1 7
5417 1 19
5418 0 9
5419 0 11
5420 0 11
5421 1 18
5422 0 11
5423 0 10
5424 0 8
5425 0 9
5426 0 8
5427 0 8
5429 0 12
5430 1 28
5431 0 8
5432 0 6
5433 0 19
5435 0 11
5436 1 24
5437 1 18
5438 0 20
5439 1 8
5440 0 43
5441 1 16
5442 0 7
5443 1 14
5444 0 10
5445 0 8
5446 1 11
5447 1 16
5448 0 9
5449 0 6
5450 0 3
5451 1 13
5452 0 13
5453 0 16
5454 0 23
5455 0 18
5456 1 11
5457 0 20
5458 0 7
5459 0 16
5460 0 10
5461 0 10
5463 0 11
5464 0 21
5465 1 18
5466 0 7
5467 0 6
5468 1 11
5469 0 11
5470 0 10
5471 0 4
5472 1 13
5475 0 10
5476 0 8
5477 0 9
5478 1 10
5479 1 19
5480 0 13
5481 1 16
5482 1 15
5483 0 7
5484 0 11
5485 0 7
5486 0 7
5488 1 10
5489 0 10
5490 0 10
5491 0 7
5492 0 7
5493 1 13
5495 1 11
5496 1 11
5497 0 13
5498 0 7
5499 1 11
5500 1 16
5501 0 11
5502 1 2
5503 0 10
5506 0 10
5507 0 10
5511 1 12
5513 0 4
5515 0 8
5516 1 18
5517 0 8
5518 1 18
5519 1 18
5520 0 4
5521 0 16
5522 0 12
5524 0 9
5526 0 11
5527 0 17
5528 1 16
5529 0 9
5531 0 4
5533 1 12
5536 0 7
5539 1 23
5540 0 9
5541 0 4
5542 0 8
5543 0 3
5544 0 11
5545 0 15
5546 0 8
5547 1 11
5549 0 11
5550 0 7
5551 0 11
5552 0 9
5553 0 8
5556 0 9
5559 0 10
5562 0 10
5563 0 8
5564 1 23
5565 0 7
5566 0 11
5567 0 7
5568 0 17
5569 1 27
5572 0 11
5574 1 15
5575 1 14
5576 0 11
5577 0 10
5578 0 7
5579 0 10
5580 0 7
5581 0 21
5583 1 12
5584 0 10
5585 1 8
5587 1 11
5589 0 8
5591 0 7
5592 0 11
5594 1 13
5595 0 9
5596 0 7
5599 1 17
5600 1 21
5602 0 9
5603 0 10
5604 0 7
5605 0 10
5607 0 11
5608 0 20
5609 0 8
5610 0 11
5611 1 11
5612 1 16
5613 0 3
5614 0 9
5615 1 30
5616 1 12
5617 0 8
5618 0 10
5619 0 11
5623 0 8
5627 1 8
5628 0 7
5629 0 12
5630 0 14
5631 0 23
5632 1 12
5633 0 10
5635 0 7
5636 0 17
5637 0 12
5638 0 10
5640 0 11
5641 0 5
5642 0 17
5643 1 15
5645 0 11
5646 1 13
5647 0 15
5649 0 13
5651 0 7
5652 0 11
5654 0 8
5655 0 11
5657 0 8
5658 1 17
5659 1 14
5661 1 11
5662 0 9
5663 0 9
5664 0 11
5665 0 7
5666 0 11
5667 0 13
5668 0 11
5669 0 10
5670 0 9
5671 0 6
5672 0 7
5674 0 13
5675 0 11
5676 0 9
5677 0 12
5678 0 7
5679 1 3
5680 0 4
5681 1 12
5682 0 9
5683 1 12
5684 1 14
5685 0 10
5686 0 11
5687 0 10
5688 0 15
5689 0 7
5690 0 8
5691 0 10
5692 0 10
5694 1 13
5695 0 3
5696 1 10
5697 0 8
5698 0 10
5699 0 15
5700 0 7
5701 0 25
5703 0 9
5704 1 16
5706 0 7
5707 0 7
5708 1 13
5713 1 19
5715 0 27
5716 0 7
5717 0 6
5719 0 9
5720 0 8
5721 1 21
5722 0 9
5725 0 7
5726 0 10
5727 0 10
5729 0 11
5730 1 11
5731 0 8
5732 1 11
5733 1 20
5734 0 5
5735 0 16
5736 0 7
5737 1 16
5738 0 21
5739 0 10
5740 0 43
5741 0 11
5742 1 14
5743 0 16
5744 0 11
5745 0 7
5746 0 2
5747 0 18
5750 1 15
5751 0 3
5753 0 15
5755 0 3
5756 0 2
5757 0 4
5759 0 10
5760 0 11
5761 1 42
5762 0 16
5763 0 10
5764 1 26
5765 1 23
5768 1 16
5769 1 11
5770 1 26
5771 0 5
5772 0 7
5773 0 11
5774 0 14
5775 0 11
5777 1 14
5778 0 24
5779 0 10
5780 0 10
5781 0 9
5782 0 8
5783 1 8
5784 0 11
5785 1 13
5787 0 9
5788 1 15
5789 0 25
5791 0 10
5792 0 7
5793 0 10
5794 0 10
5795 0 3
5796 1 15
5797 0 10
5798 0 7
5800 1 16
5802 0 3
5803 0 21
5804 0 19
5805 1 21
5806 1 10
5807 0 11
5808 0 11
5809 0 7
5810 0 9
5811 0 16
5812 0 14
5813 1 11
5814 0 18
5816 1 16
5817 1 17
5818 0 11
5819 0 29
5821 0 6
5822 0 7
5823 0 28
5824 1 7
5825 0 11
5826 0 9
5827 0 15
5828 1 17
5829 1 11
5830 1 12
5833 0 21
5834 0 8
5835 0 35
5836 0 11
5837 0 13
5838 0 8
5839 1 11
5840 1 15
5841 0 7
5842 0 7
5843 0 8
5846 0 10
5847 0 9
5848 0 8
5849 0 9
5850 0 16
5851 0 5
5852 1 35
5853 0 18
5854 0 10
5855 0 3
5858 0 4
5859 0 16
5860 0 11
5861 1 12
5862 0 11
5863 0 9
5864 0 8
5865 0 16
5866 1 17
5870 0 11
5871 1 30
5873 0 9
5874 0 6
5876 0 6
5877 1 29
5878 0 7
5880 0 10
5881 0 9
5883 0 9
5884 0 8
5885 0 30
5887 0 11
5888 1 14
5891 0 8
5892 0 34
5893 0 13
5894 0 6
5895 0 10
5896 1 15
5897 1 16
5898 0 11
5899 1 15
5900 0 11
5901 1 13
5902 0 15
5903 0 20
5905 0 9
5906 0 8
5907 0 11
5908 0 8
5909 0 6
5910 0 7
5912 1 26
5913 0 11
5914 1 8
5916 0 10
5917 0 8
5918 0 17
5919 1 13
5920 0 16
5921 0 8
5922 0 7
5923 0 21
5924 0 33
5927 0 11
5928 1 15
5929 0 10
5930 0 6
5931 1 11
5932 0 7
5933 0 11
5935 0 10
5936 0 10
5937 1 36
5938 0 10
5939 0 8
5940 0 7
5941 0 12
5943 0 11
5945 0 8
5946 0 7
5947 0 11
5948 0 9
5949 0 11
5950 0 8
5951 0 10
5952 1 14
5954 1 13
5955 0 10
5956 0 9
5957 1 14
5960 0 17
5961 0 28
5962 0 8
5963 0 11
5965 0 16
5966 0 6
5967 1 12
5970 0 8
5971 0 4
5973 0 10
5974 0 4
5975 0 4
5976 1 14
5978 0 9
5979 0 9
5981 1 20
5982 0 9
5983 0 16
5984 0 16
5987 0 3
5988 1 16
5989 0 11
5992 1 22
5993 0 12
5994 0 18
5995 1 12
5996 0 10
5997 0 7
5998 1 16
5999 0 8
6000 1 19
6002 0 7
6003 0 12
6004 1 10
6005 0 4
6006 1 7
6007 0 16
6009 1 16
6010 0 20
6011 0 14
6012 0 8
6015 0 8
6016 0 20
6018 1 16
6019 0 11
6020 0 23
6021 0 11
6022 0 10
6023 0 8
6024 0 14
6025 0 10
6026 0 9
6027 0 10
6028 0 17
6029 1 15
6030 0 29
6031 1 17
6032 0 11
6033 0 10
6035 0 9
6036 0 9
6037 0 9
6038 1 11
6039 0 13
6040 0 9
6041 0 15
6042 0 9
6043 0 8
6044 0 9
6045 0 8
6046 1 19
6047 0 2
6048 0 8
6050 0 10
6051 1 16
6053 1 13
6056 0 13
6057 1 8
6059 0 10
6060 1 10
6062 0 8
6063 1 20
6064 0 8
6067 0 10
6070 0 15
6072 1 17
6074 0 8
6075 0 8
6076 1 21
6077 1 15
6078 0 9
6079 1 21
6082 0 3
6085 0 8
6086 0 6
6088 0 7
6089 0 3
6090 0 17
6091 0 10
6092 0 11
6093 0 23
6094 0 11
6096 1 11
6097 1 16
6098 0 17
6099 1 16
6100 0 11
6102 1 10
6103 0 4
6104 0 10
6106 0 10
6107 1 10
6109 0 17
6110 0 11
6111 0 15
6112 1 14
6113 0 9
6114 0 9
6115 1 13
6116 0 7
6117 0 14
6118 1 13
6119 0 11
6120 1 11
6121 0 10
6124 0 7
6125 0 9
6128 0 17
6129 0 11
6130 0 3
6131 1 10
6132 0 9
6133 1 16
6134 0 7
6135 1 12
6138 0 6
6139 0 7
6140 0 16
6141 0 5
6142 0 11
6143 0 18
6145 0 9
6147 0 7
6148 0 11
6150 0 16
6153 0 11
6154 0 11
6155 0 6
6158 0 8
6159 0 16
6160 0 10
6161 0 10
6163 0 17
6165 0 10
6167 1 23
6168 1 13
6169 0 11
6170 0 9
6171 1 50
6172 0 10
6173 0 11
6174 0 7
6175 0 8
6176 0 11
6177 0 11
6178 0 6
6179 1 15
6180 0 12
6181 0 10
6183 0 7
6184 0 7
6187 0 15
6188 0 3
6189 1 12
6191 1 29
6192 1 26
6193 0 8
6194 0 7
6195 0 8
6197 0 11
6198 1 19
6200 0 18
6201 0 11
6203 1 12
6204 0 16
6206 0 7
6207 0 11
6208 0 11
6209 1 14
6210 0 3
6211 0 18
6212 1 14
6213 0 9
6214 0 10
6215 0 2
6216 0 8
6218 0 9
6221 0 4
6222 0 7
6223 0 8
6224 0 18
6226 0 16
6227 0 16
6228 0 9
6231 0 11
6232 1 13
6233 1 9
6234 0 3
6236 0 10
6237 0 16
6238 0 11
6239 0 16
6240 0 6
6241 0 17
6242 0 11
6243 0 12
6246 1 10
6247 0 3
6249 1 15
6250 1 18
6251 0 10
6252 0 8
6254 0 14
6256 0 16
6257 0 3
6258 0 8
6259 0 7
6260 0 10
6261 0 23
6262 0 8
6263 1 11
6264 0 7
6265 0 17
6268 0 9
6269 0 9
6270 1 34
6271 1 14
6272 0 18
6273 0 2
6274 1 9
6275 0 21
6277 0 3
6280 1 14
6281 0 9
6282 0 8
6283 1 17
6284 0 8
6285 1 17
6286 0 15
6288 0 10
6289 0 7
6290 0 6
6291 1 16
6292 0 8
6293 0 12
6294 0 9
6295 0 8
6296 0 10
6297 0 10
6298 0 11
6299 0 11
6302 0 9
6303 0 10
6304 1 14
6305 1 24
6307 0 9
6308 0 7
6309 1 31
6310 0 18
6311 0 8
6312 0 7
6313 0 4
6314 0 7
6315 1 19
6316 1 13
6317 0 15
6318 0 9
6319 0 7
6320 1 40
6321 0 3
6322 0 8
6323 0 12
6324 0 10
6325 1 23
6326 0 11
6329 0 6
6330 0 16
6333 0 11
6334 0 11
6335 0 8
6338 0 9
6339 0 14
6341 0 11
6342 0 16
6343 0 7
6344 0 3
6345 0 8
6346 0 8
6347 0 18
6349 0 14
6350 1 17
6351 0 11
6352 0 9
6353 0 11
6354 0 9
6355 0 9
6356 0 10
6357 1 7
6358 0 10
6359 0 7
6360 0 17
6361 0 11
6362 0 8
6363 0 9
6364 0 11
6365 0 10
6366 0 16
6367 0 14
6369 1 16
6371 0 13
6372 0 29
6373 1 17
6374 0 11
6375 0 8
6376 0 10
6377 0 10
6378 1 11
6381 1 17
6382 0 17
6383 0 11
6384 0 8
6385 1 16
6386 1 19
6388 0 9
6389 0 11
6390 0 7
6391 0 9
6393 1 29
6394 0 8
6395 0 8
6396 0 11
6397 1 12
6398 1 24
6399 1 13
6400 0 7
6401 0 16
6402 0 10
6403 0 12
6405 0 7
6406 0 4
6407 0 16
6409 0 8
6411 0 10
6412 1 11
6414 0 8
6415 0 12
6416 0 26
6417 1 19
6418 0 11
6419 1 12
6420 0 7
6421 0 10
6422 1 7
6423 0 19
6425 0 7
6427 1 16
6428 1 23
6429 0 10
6430 1 20
6433 0 8
6434 1 12
6437 0 11
6438 0 10
6441 0 10
6442 0 10
6443 0 10
6444 0 11
6445 0 10
6446 0 8
6447 0 11
6448 0 10
6449 0 3
6452 1 26
6453 0 8
6454 1 9
6455 1 18
6456 0 32
6457 1 11
6458 0 11
6461 1 19
6462 0 24
6463 0 7
6466 1 19
6468 0 8
6469 1 8
6471 0 5
6473 0 7
6474 0 9
6475 0 8
6476 0 10
6478 0 10
6482 0 21
6483 0 10
6484 0 9
6485 0 8
6486 1 12
6487 0 3
6488 0 16
6489 0 19
6490 1 29
6492 0 7
6493 0 5
6494 0 23
6495 0 6
6497 0 8
6498 0 11
6499 0 10
6501 0 8
6502 0 8
6505 0 16
6506 0 11
6507 0 4
6508 1 12
6510 1 11
6511 0 10
6512 0 10
6513 0 7
6516 0 10
6519 1 17
6520 1 12
6521 0 29
6522 0 17
6523 0 11
6525 1 13
6526 0 16
6527 0 17
6528 0 5
6529 1 6
6530 0 17
6531 1 17
6533 0 11
6534 1 14
6535 0 8
6536 1 24
6538 1 12
6541 1 22
6544 0 8
6545 0 11
6546 0 11
6547 1 26
6548 0 7
6550 0 8
6551 0 4
6552 0 8
6553 0 11
6555 0 9
6556 1 33
6557 0 23
6559 1 17
6560 1 21
6561 0 9
6562 0 16
6565 0 10
6566 0 16
6567 1 11
6569 1 11
6570 0 17
6571 0 4
6573 0 3
6574 0 8
6575 0 7
6577 0 17
6578 1 11
6579 1 29
6580 0 2
6582 0 10
6585 0 15
6586 0 15
6587 0 7
6589 0 9
6590 1 11
6591 0 2
6592 1 16
6593 0 10
6595 1 21
6596 0 15
6597 1 11
6598 0 10
6599 0 11
6601 1 21
6602 0 7
6603 0 8
6604 0 17
6606 0 7
6607 0 7
6608 1 11
6609 1 17
6610 0 10
6611 0 18
6612 1 9
6616 0 4
6617 0 8
6618 0 12
6619 0 7
6620 0 6
6621 1 11
6622 0 7
6623 1 6
6625 0 7
6627 1 18
6628 0 11
6629 0 7
6630 0 8
6632 0 10
6634 1 18
6635 0 11
6636 0 19
6637 0 4
6638 0 8
6639 1 17
6640 0 9
6641 0 8
6642 0 13
6643 0 11
6644 0 9
6645 0 17
6646 1 36
6647 0 9
6648 0 16
6649 0 6
6650 0 10
6651 0 7
6653 0 26
6654 1 13
6655 0 6
6656 1 10
6657 0 3
6658 0 9
6659 1 23
6660 0 13
6661 0 9
6662 0 7
6664 0 10
6665 0 16
6666 0 10
6667 1 17
6668 1 15
6670 0 10
6671 0 8
6672 0 8
6673 0 10
6675 1 31
6676 1 13
6677 0 11
6678 0 23
6679 0 3
6680 0 8
6681 0 10
6682 0 7
6684 0 17
6685 0 16
6686 0 10
6687 0 7
6688 0 11
6689 0 7
6690 1 13
6692 0 9
6693 0 8
6694 0 7
6695 0 20
6696 0 12
6697 1 19
6698 1 28
6699 0 4
6700 0 3
6703 1 18
6705 1 21
6706 0 12
6707 0 5
6708 0 14
6709 1 17
6710 0 8
6711 0 10
6712 1 11
6713 0 11
6714 1 13
6716 0 3
6717 0 3
6719 0 4
6720 1 13
6721 1 21
6722 1 13
6723 0 7
6724 0 12
6725 0 16
6726 0 9
6727 0 11
6730 0 3
6731 0 23
6733 0 13
6734 0 16
6735 1 13
6736 1 11
6737 1 13
6738 0 9
6739 0 12
6740 0 8
6741 0 8
6742 0 11
6743 1 16
6744 0 9
6745 1 6
6746 1 11
6747 1 22
6748 0 9
6749 0 12
6750 0 7
6751 1 14
6754 0 7
6755 0 11
6756 0 10
6757 0 16
6759 0 11
6761 0 3
6762 0 7
6763 0 10
6764 0 13
6765 0 6
6767 0 8
6768 1 13
6769 0 4
6770 1 13
6771 0 34
6772 0 11
6773 1 11
6775 0 7
6776 0 9
6777 0 10
6778 0 17
6779 0 15
6780 0 17
6781 0 8
6782 0 16
6783 1 28
6785 0 18
6786 0 7
6787 1 12
6788 0 8
6789 0 14
6790 1 19
6791 0 4
6792 0 9
6793 1 18
6794 1 27
6795 0 7
6796 0 9
6798 1 12
6800 0 12
6801 0 7
6802 0 8
6803 0 8
6804 0 17
6805 0 8
6807 0 15
6808 0 3
6809 1 11
6811 0 10
6813 0 9
6814 0 10
6816 0 9
6818 1 11
6819 0 8
6820 0 6
6821 0 4
6822 0 8
6823 0 12
6825 0 8
6827 1 14
6828 0 17
6831 0 24
6833 1 13
6834 0 11
6835 1 15
6836 1 10
6837 0 6
6838 1 30
6840 1 11
6841 1 12
6842 0 9
6843 0 11
6844 0 3
6845 0 6
6846 0 7
6847 0 15
6848 0 8
6849 0 16
6850 0 9
6851 1 11
6854 0 7
6855 1 26
6856 1 16
6857 1 16
6858 0 10
6859 0 2
6861 1 8
6864 1 16
6865 0 11
6866 0 8
6867 1 13
6868 1 14
6869 0 7
6871 1 11
6872 0 7
6873 1 11
6876 1 12
6877 0 4
6878 0 19
6879 0 11
6880 0 10
6881 0 12
6882 0 16
6884 0 6
6886 0 31
6887 1 11
6888 0 11
6890 0 11
6891 0 24
6892 0 21
6893 0 9
6894 1 13
6895 0 6
6898 0 16
6899 1 12
6900 0 23
6901 0 16
6902 0 17
6903 0 10
6904 0 2
6905 0 17
6906 0 9
6907 0 13
6909 0 8
6910 0 9
6913 1 11
6914 1 17
6915 0 19
6916 0 10
6917 0 9
6918 0 11
6919 1 4
6920 1 11
6921 0 9
6922 1 21
6924 0 11
6926 0 9
6927 0 7
6928 1 21
6930 0 14
6931 1 11
6932 1 8
6933 0 15
6934 0 10
6935 1 11
6936 1 11
6937 0 9
6938 0 10
6940 0 10
6941 0 6
6942 1 11
6945 1 13
6946 0 9
6947 0 8
6948 0 9
6949 0 16
6950 0 10
6951 0 9
6953 0 9
6955 0 13
6956 0 8
6957 0 34
6958 0 9
6959 1 11
6960 1 14
6961 1 8
6962 1 17
6963 0 3
6964 0 8
6965 0 10
6966 1 9
6967 0 8
6968 0 11
6969 1 14
6971 1 11
6972 0 16
6974 0 9
6975 0 10
6976 0 11
6977 0 19
6980 0 17
6982 0 7
6985 0 7
6986 0 10
6988 1 11
6991 0 6
6992 0 9
6993 0 9
6994 1 12
6996 0 10
6997 1 15
6998 0 11
6999 0 11
7000 0 8
7001 1 13
7002 0 7
7005 0 9
7007 1 12
7008 0 35
7009 0 11
7010 0 11
7011 1 12
7012 0 7
7013 0 4
7014 1 14
7015 1 10
7017 0 12
7018 1 12
7019 1 23
7020 0 10
7021 0 14
7022 0 18
7023 1 22
7024 0 5
7025 0 11
7026 0 5
7027 0 9
7028 0 7
7029 0 11
7030 0 6
7031 0 9
7032 0 17
7033 0 11
7034 0 9
7035 0 17
7036 0 8
7037 0 11
7038 0 9
7039 0 10
7042 1 14
7043 1 14
7044 1 27
7045 0 11
7046 0 9
7049 0 11
7050 0 10
7051 0 6
7053 0 10
7055 0 11
7056 1 21
7057 0 17
7058 0 8
7060 0 37
7061 0 7
7062 0 29
7064 0 9
7065 1 31
7066 0 8
7067 0 8
7068 1 7
7069 1 11
7070 0 13
7071 1 18
7072 0 10
7073 0 11
7074 0 11
7075 0 13
7076 1 13
7077 0 13
7078 0 8
7079 1 7
7080 1 14
7081 0 10
7082 1 16
7083 1 7
7085 1 18
7086 0 9
7087 0 8
7088 1 14
7089 0 21
7090 0 10
7091 1 15
7092 1 12
7093 0 8
7094 0 12
7095 1 23
7096 1 16
7098 0 8
7099 1 11
7101 0 11
7102 0 13
7104 0 10
7106 0 8
7107 1 19
7108 1 8
7110 0 16
7111 0 16
7112 1 21
7113 0 7
7114 0 30
7115 0 12
7116 1 17
7117 0 9
7118 0 14
7120 1 29
7121 1 19
7122 0 8
7125 1 24
7129 0 6
7131 0 11
7132 0 7
7133 0 6
7134 0 14
7135 0 10
7136 0 4
7138 1 23
7139 0 22
7140 0 9
7141 1 32
7142 0 10
7143 1 12
7144 0 11
7145 0 8
7146 1 11
7147 0 46
7149 0 7
7150 1 17
7152 0 11
7155 1 12
7156 1 16
7157 0 9
7158 0 7
7159 0 6
7160 0 8
7162 0 4
7163 0 21
7165 1 8
7166 0 9
7168 0 14
7169 0 12
7170 0 7
7172 0 3
7173 1 14
7174 0 6
7176 1 13
7177 0 3
7178 0 8
7180 0 10
7181 0 11
7182 0 4
7183 0 7
7185 0 10
7186 1 17
7187 0 9
7188 1 23
7189 1 14
7191 1 11
7192 1 13
7193 1 29
7195 1 15
7196 0 10
7197 0 8
7198 0 3
7199 0 10
7200 0 8
7201 1 16
7205 1 13
7207 1 12
7209 1 13
7210 0 29
7211 0 10
7212 0 8
7214 1 22
7215 0 8
7217 0 12
7218 0 4
7219 0 11
7221 0 6
7222 0 8
7223 0 11
7224 0 8
7225 0 9
7226 0 10
7227 0 8
7228 1 7
7229 1 36
7230 0 7
7231 0 9
7232 0 9
7233 0 7
7235 1 15
7236 1 21
7237 0 5
7238 0 6
7239 0 10
7240 0 14
7242 0 8
7243 0 8
7244 1 12
7245 1 24
7246 0 11
7247 0 12
7248 0 4
7250 1 11
7251 0 8
7252 0 9
7254 1 26
7257 0 11
7259 1 11
7260 0 11
7264 0 6
7265 0 11
7267 1 11
7269 1 7
7270 1 7
7271 1 22
7272 0 16
7273 0 16
7274 1 23
7275 0 7
7276 1 11
7279 1 12
7280 0 10
7282 1 36
7284 1 20
7286 0 19
7287 0 16
7288 1 9
7289 0 5
7290 0 3
7291 0 11
7292 0 8
7294 0 7
7295 0 8
7296 0 9
7297 1 11
7298 1 22
7299 0 11
7300 1 11
7301 0 10
7302 0 22
7303 0 4
7304 1 19
7305 0 13
7306 0 14
7307 0 16
7308 0 3
7309 0 23
7310 0 9
7312 0 10
7313 0 7
7314 0 16
7315 0 6
7316 0 7
7317 0 13
7318 0 13
7319 0 8
7320 0 28
7322 1 17
7323 0 14
7324 0 6
7327 0 9
7328 0 8
7330 0 11
7331 0 17
7332 0 15
7334 0 11
7336 0 11
7337 0 8
7340 1 13
7341 0 10
7342 0 16
7343 0 20
7346 0 9
7348 0 9
7349 0 9
7350 1 15
7353 1 10
7354 0 8
7355 0 26
7359 1 18
7360 1 19
7361 0 11
7362 1 18
7365 0 10
7366 1 11
7367 0 16
7368 0 8
7369 0 7
7371 0 11
7372 0 15
7373 1 16
7374 0 10
7375 1 30
7376 0 16
7379 1 11
7380 0 11
7381 0 9
7382 1 11
7383 1 16
7385 0 31
7386 0 20
7387 1 17
7388 0 4
7389 0 11
7390 0 10
7391 0 8
7392 0 8
7393 0 18
7394 1 15
7396 1 16
7398 0 4
7399 1 11
7400 1 12
7401 0 6
7402 0 9
7404 1 24
7405 0 11
7406 0 11
7407 0 41
7408 1 11
7410 0 11
7411 1 12
7412 0 7
7413 0 10
7414 0 12
7415 0 11
7416 0 6
7417 1 38
7418 0 21
7419 0 11
7420 1 21
7422 0 11
7424 0 10
7425 0 13
7426 0 9
7427 0 11
7428 0 7
7430 0 10
7431 1 19
7432 1 10
7433 1 11
7434 0 11
7435 0 8
7436 1 33
7439 0 7
7442 1 26
7443 1 35
7444 0 15
7446 0 6
7447 0 7
7450 0 7
7451 0 10
7452 0 10
7453 0 7
7455 1 10
7456 0 10
7457 0 9
7458 0 9
7460 0 7
7461 0 11
7462 0 10
7463 0 8
7464 1 12
7466 0 7
7467 0 3
7469 1 11
7470 0 8
7471 1 14
7472 1 14
7473 0 9
7474 0 3
7475 0 16
7476 0 15
7477 1 13
7479 0 9
7480 1 16
7481 0 8
7482 1 12
7483 0 7
7484 0 9
7485 0 7
7486 0 9
7487 1 11
7488 0 7
7489 0 3
7491 0 11
7492 0 7
7493 0 10
7494 0 30
7495 0 11
7496 1 16
7499 1 12
7501 0 6
7502 0 13
7503 0 8
7504 1 15
7505 1 20
7506 0 3
7507 0 11
7508 0 10
7509 0 3
7512 0 6
7516 0 9
7518 0 9
7520 1 15
7521 0 8
7523 1 17
7524 0 16
7526 1 15
7527 0 11
7528 0 8
7529 0 16
7530 0 11
7531 1 18
7532 1 17
7533 1 50
7535 1 13
7537 0 16
7538 0 8
7539 0 9
7540 0 11
7541 1 10
7543 0 9
7544 1 11
7546 1 18
7547 0 8
7549 1 12
7550 0 7
7551 0 18
7553 0 17
7554 0 7
7555 0 17
7557 0 14
7561 0 9
7562 0 29
7563 0 11
7564 1 15
7565 1 25
7566 1 15
7568 0 9
7569 0 19
7570 0 10
7572 0 11
7573 0 8
7574 0 8
7575 0 10
7577 0 6
7580 0 11
7582 0 12
7583 1 12
7584 0 10
7586 0 8
7587 0 10
7588 0 12
7589 1 22
7590 1 22
7594 0 7
7595 0 11
7596 0 17
7597 0 21
7599 1 20
7600 0 21
7601 0 9
7602 0 10
7603 0 11
7605 1 7
7606 1 17
7607 0 8
7608 0 18
7610 0 15
7611 0 25
7612 1 23
7613 0 18
7614 0 15
7615 0 11
7616 0 11
7618 1 16
7620 1 14
7621 1 12
7622 1 23
7623 1 11
7624 0 9
7625 0 7
7626 1 13
7627 0 9
7628 0 12
7630 0 7
7631 0 8
7634 0 3
7635 0 15
7637 0 11
7638 0 12
7639 0 7
7640 0 7
7641 0 17
7642 0 10
7643 0 7
7644 0 7
7645 1 6
7646 0 6
7647 0 6
7648 1 10
7649 1 17
7650 0 21
7651 1 16
7652 0 9
7653 0 9
7654 0 10
7655 0 9
7656 0 5
7657 0 16
7658 0 9
7659 0 6
7660 0 8
7661 0 8
7663 0 10
7664 1 12
7665 0 11
7666 0 9
7667 0 6
7668 1 34
7669 0 13
7671 0 5
7672 1 13
7673 0 11
7674 1 17
7675 0 6
7676 0 10
7677 1 11
7680 0 7
7681 0 13
7682 0 10
7683 0 22
7684 0 7
7685 0 7
7686 0 8
7687 1 7
7688 0 9
7689 0 9
7690 0 8
7692 0 9
7693 0 10
7694 1 9
7696 1 19
7698 0 7
7699 0 11
7700 0 10
7701 0 3
7702 1 11
7703 0 17
7704 0 38
7706 0 22
7707 0 28
7708 0 11
7711 1 16
7712 0 33
7715 0 11
7716 0 11
7717 0 10
7718 1 24
7719 0 10
7720 0 5
7721 0 5
7722 0 14
7723 0 3
7725 0 11
7726 1 13
7727 1 54
7728 0 9
7729 0 11
7730 1 13
7731 0 10
7732 1 21
7733 1 8
7734 1 19
7735 0 3
7736 0 11
7738 0 10
7739 0 8
7742 0 4
7743 1 17
7744 0 9
7747 0 9
7749 1 23
7750 0 9
7751 1 29
7752 1 14
7754 0 6
7756 1 16
7757 1 8
7758 0 7
7759 0 7
7762 1 11
7763 0 10
7764 1 22
7765 1 14
7766 0 11
7768 0 8
7769 1 15
7770 0 16
7771 1 26
7774 0 10
7776 0 13
7777 0 9
7778 0 4
7779 0 9
7780 0 8
7782 0 8
7783 0 12
7784 0 10
7785 0 4
7786 1 9
7787 0 5
7788 0 8
7789 1 16
7790 0 13
7791 1 12
7792 0 9
7793 1 11
7794 0 11
7795 0 13
7796 0 10
7797 1 15
7798 0 4
7799 0 11
7800 0 11
7804 0 15
7806 0 13
7807 0 16
7808 1 17
7809 0 12
7810 1 24
7811 0 8
7812 0 9
7813 0 8
7814 0 10
7815 0 8
7816 0 11
7817 0 11
7818 0 13
7819 0 10
7820 0 11
7821 0 34
7822 0 6
7825 1 15
7826 0 7
7827 0 3
7828 1 49
7829 0 11
7830 0 6
7831 1 15
7832 0 9
7834 1 15
7835 0 9
7836 0 6
7838 0 12
7839 1 15
7840 0 11
7841 0 11
7842 0 11
7845 1 31
7846 1 18
7847 0 11
7848 0 7
7849 0 12
7850 0 7
7851 0 7
7852 0 9
7854 0 3
7855 0 8
7857 0 10
7858 0 10
7859 1 14
7860 1 19
7861 1 7
7862 0 6
7863 0 10
7864 1 18
7865 0 19
7866 1 15
7867 0 12
7868 0 7
7869 0 3
7870 0 9
7871 0 18
7872 0 3
7873 0 8
7874 1 13
7876 0 35
7878 0 10
7879 0 15
7880 0 7
7881 0 6
7882 0 15
7883 1 14
7884 0 3
7886 0 9
7887 0 15
7888 0 16
7889 1 23
7890 0 3
7891 1 24
7893 1 13
7894 1 12
7895 0 11
7896 1 16
7897 0 10
7898 0 8
7900 1 12
7901 0 10
7902 0 4
7904 0 17
7905 0 9
7907 0 11
7908 1 13
7909 0 8
7910 1 22
7911 0 10
7912 0 9
7913 1 11
7914 0 6
7915 0 10
7916 1 12
7917 0 17
7919 0 9
7922 0 10
7923 1 12
7924 0 11
7926 0 9
7927 1 18
7929 0 10
7930 0 9
7931 0 11
7932 0 7
7933 0 11
7934 0 6
7935 0 10
7937 1 18
7938 0 6
7939 0 9
7942 1 47
7943 0 2
7945 0 18
7946 0 9
7948 1 12
7949 0 16
7950 0 15
7951 1 9
7952 0 11
7954 1 13
7955 0 5
7958 0 27
7959 0 10
7960 1 2
7961 0 11
7962 0 10
7963 0 11
7965 0 11
7966 1 12
7967 0 11
7968 0 10
7969 0 17
7970 0 11
7971 0 11
7972 0 15
7973 0 20
7974 0 7
7975 1 18
7976 1 16
7978 1 19
7979 1 9
7980 0 8
7981 1 17
7982 1 11
7983 0 7
7985 1 11
7986 0 8
7987 1 15
7989 1 11
7990 0 10
7991 1 21
7992 1 21
7993 0 3
7994 1 11
7995 1 12
7996 0 9
7997 0 10
7998 0 4
7999 0 16
8000 0 7
8001 0 9
8002 0 11
8003 0 3
8004 0 9
8005 0 7
8006 0 7
8008 1 28
8010 0 10
8012 0 5
8014 1 12
8015 1 21
8016 0 7
8017 0 3
8018 0 9
8019 1 25
8020 0 23
8021 0 8
8022 0 11
8023 0 13
8025 0 21
8026 1 16
8027 0 9
8028 0 11
8029 0 11
8031 0 8
8032 0 16
8033 1 12
8034 0 11
8035 0 9
8036 0 8
8037 1 12
8038 0 11
8039 1 16
8040 0 21
8041 0 8
8042 1 14
8043 1 12
8044 0 10
8045 0 9
8046 0 8
8047 0 17
8048 1 16
8049 0 11
8050 0 11
8051 0 25
8052 0 7
8053 1 18
8054 1 13
8056 0 9
8057 0 8
8058 0 17
8059 1 18
8060 1 10
8061 0 9
8063 0 13
8064 0 9
8065 1 15
8066 0 10
8067 0 10
8068 0 15
8069 1 22
8070 0 7
8071 0 7
8073 1 18
8074 0 16
8075 0 16
8076 1 15
8077 0 9
8078 1 24
8079 0 9
8080 0 10
8081 0 10
8082 1 23
8083 0 8
8085 0 12
8087 0 7
8089 0 7
8090 0 24
8091 0 7
8092 1 47
8094 0 8
8095 0 10
8098 0 10
8100 1 16
8101 1 18
8102 0 5
8103 0 12
8104 1 20
8105 0 10
8106 0 4
8107 1 13
8108 0 11
8109 0 25
8110 0 8
8111 1 21
8112 0 13
8114 0 4
8115 1 14
8116 0 6
8117 1 17
8118 1 8
8119 1 44
8120 1 6
8121 0 11
8123 0 8
8124 0 10
8125 1 14
8126 0 8
8127 0 4
8128 0 9
8130 0 19
8131 0 14
8132 0 22
8133 1 12
8134 1 18
8136 1 10
8139 1 17
8140 0 23
8141 0 11
8142 0 10
8143 0 24
8144 1 7
8145 0 7
8146 0 6
8147 1 14
8148 1 10
8150 1 22
8151 0 16
8152 1 11
8153 0 8
8154 0 24
8155 0 11
8156 1 11
8157 0 9
8158 0 9
8159 1 7
8160 0 8
8161 0 10
8162 1 7
8163 0 13
8164 1 29
8165 0 10
8166 0 9
8167 0 9
8168 0 7
8170 0 9
8171 0 13
8172 0 3
8174 1 11
8176 1 12
8177 1 12
8178 0 16
8179 0 10
8180 0 9
8181 0 17
8182 0 16
8183 0 31
8184 0 7
8185 0 9
8186 1 50
8187 0 10
8188 0 9
8189 0 9
8190 0 13
8191 1 11
8192 0 19
8193 0 10
8194 0 17
8196 0 10
8197 0 3
8199 1 12
8200 0 6
8201 1 17
8202 1 13
8203 0 6
8204 1 16
8205 1 18
8206 0 11
8207 1 19
8208 1 12
8209 0 11
8210 0 3
8211 1 11
8212 0 10
8213 0 7
8214 0 7
8215 0 9
8216 0 6
8217 0 11
8218 0 10
8220 0 16
8221 0 11
8223 0 11
8224 0 11
8225 0 3
8226 0 8
8227 0 32
8228 0 18
8230 0 17
8231 0 10
8232 0 10
8233 0 10
8234 0 16
8235 0 16
8236 0 8
8238 0 8
8239 0 9
8240 0 8
8241 0 3
8242 0 8
8243 1 11
8244 0 9
8245 0 11
8247 0 9
8249 0 2
8250 1 16
8252 1 16
8253 0 8
8254 1 22
8255 0 4
8259 1 9
8260 0 9
8262 0 7
8263 0 8
8265 1 12
8267 0 4
8268 1 11
8270 0 9
8271 1 14
8272 0 10
8273 0 24
8274 1 28
8275 0 11
8276 0 14
8277 0 10
8279 1 11
8280 0 10
8281 0 11
8282 0 10
8283 0 9
8284 0 7
8285 0 3
8286 0 16
8288 0 21
8289 0 9
8291 1 19
8292 0 9
8294 0 16
8295 0 11
8296 1 19
8297 1 11
8300 0 7
8302 0 8
8303 1 43
8304 0 8
8307 1 19
8308 1 23
8310 0 11
8311 1 19
8312 0 7
8313 0 1
8314 0 10
8318 1 11
8319 0 8
8320 0 6
8322 1 8
8323 1 12
8324 0 11
8325 1 8
8326 0 9
8327 1 40
8328 0 9
8329 0 10
8330 0 6
8331 1 17
8332 0 10
8333 1 11
8334 0 7
8336 0 13
8337 0 7
8339 0 8
8340 0 7
8341 0 13
8342 0 10
8343 1 16
8344 0 16
8345 0 13
8346 1 13
8347 0 10
8348 0 7
8350 1 17
8351 0 8
8353 0 6
8354 0 16
8356 0 17
8357 1 14
8359 1 18
8360 0 10
8361 0 3
8362 0 10
8363 0 20
8364 0 12
8365 0 9
8366 1 16
8367 0 6
8368 1 13
8369 0 13
8372 1 19
8373 0 9
8374 0 7
8375 0 9
8376 0 8
8378 0 7
8379 0 10
8381 0 9
8382 1 39
8383 0 24
8384 1 20
8386 0 3
8387 0 18
8388 0 11
8389 0 10
8390 1 12
8391 0 15
8392 0 26
8393 0 9
8395 0 9
8396 0 11
8397 0 9
8398 1 21
8399 0 8
8400 0 7
8401 0 17
8402 1 6
8403 0 20
8404 0 16
8405 0 10
8406 1 15
8408 0 11
8409 0 16
8410 0 7
8411 1 18
8412 1 17
8414 0 5
8416 0 9
8417 0 6
8418 1 21
8420 0 7
8421 1 17
8422 1 18
8423 1 14
8424 0 8
8425 1 16
8429 0 4
8430 0 12
8431 1 18
8432 0 7
8433 0 8
8434 1 10
8435 1 16
8436 0 10
8437 0 9
8438 1 10
8439 1 16
8440 0 17
8441 0 12
8442 0 8
8443 1 12
8445 0 12
8446 0 20
8447 0 3
8448 0 16
8449 1 17
8450 0 11
8452 0 11
8453 0 19
8454 1 11
8455 0 7
8457 0 16
8458 1 12
8459 1 9
8462 0 16
8464 0 16
8465 1 23
8466 1 22
8467 0 5
8468 0 10
8469 1 12
8470 1 7
8471 0 9
8472 0 14
8474 0 3
8475 1 11
8476 0 17
8477 0 3
8478 0 6
8479 0 10
8480 0 11
8481 0 12
8482 0 11
8483 0 11
8484 0 5
8485 0 7
8486 0 8
8488 0 8
8489 0 10
8490 0 11
8491 0 16
8492 0 7
8493 0 4
8495 1 8
8496 1 11
8497 0 3
8498 0 8
8499 0 8
8500 0 10
8501 0 10
8502 0 20
8504 1 14
8505 0 7
8506 0 19
8507 0 9
8508 0 16
8509 0 9
8511 0 10
8512 0 14
8513 0 8
8514 1 8
8515 1 23
8516 1 10
8518 0 9
8520 0 4
8521 0 9
8522 0 8
8523 0 5
8524 0 7
8527 0 8
8528 1 17
8529 1 17
8530 0 7
8531 0 10
8532 0 10
8533 0 7
8534 0 7
8535 0 8
8536 1 14
8537 0 13
8538 0 10
8539 0 10
8541 0 11
8542 0 6
8543 0 7
8544 1 12
8545 0 3
8546 1 33
8547 0 9
8549 0 22
8550 0 14
8551 0 15
8552 0 11
8554 1 11
8555 0 13
8556 1 11
8557 1 10
8558 0 13
8559 1 39
8560 0 8
8561 0 15
8563 0 10
8564 0 8
8565 1 15
8566 1 12
8567 0 12
8570 0 10
8571 0 3
8573 0 10
8574 0 16
8575 0 10
8577 0 18
8579 0 6
8580 0 18
8581 1 16
8583 1 11
8585 0 8
8587 1 10
8589 1 31
8590 1 11
8591 0 9
8593 0 10
8594 0 11
8595 0 3
8596 0 7
8597 0 9
8599 0 11
8600 0 11
8604 0 7
8605 1 12
8606 1 13
8607 0 8
8608 1 6
8609 0 9
8610 1 24
8611 0 16
8612 1 9
8613 1 16
8615 0 11
8616 0 18
8618 0 23
8619 0 5
8620 0 19
8621 0 9
8622 1 8
8623 1 11
8624 0 8
8626 0 16
8627 0 7
8628 0 7
8629 0 20
8630 0 7
8631 0 23
8633 0 7
8635 0 15
8637 0 10
8638 0 7
8639 0 7
8640 0 8
8641 0 15
8642 0 23
8643 0 15
8644 0 7
8646 0 10
8647 0 11
8648 0 11
8649 0 16
8650 0 8
8651 1 22
8652 1 15
8653 0 11
8654 0 10
8655 1 18
8656 1 11
8657 0 8
