0001 0 6
0002 0 8
0003 0 9
0004 0 11
0005 1 16
0006 1 23
0007 0 6
0010 0 14
0011 0 9
0012 0 10
0013 1 17
0014 1 11
0015 0 10
0016 1 22
0018 1 9
0020 0 9
0021 0 9
0023 0 9
0024 0 8
0025 1 23
0026 1 13
0027 0 10
0028 0 3
0029 1 9
0030 0 9
0033 0 8
0035 0 16
0036 0 3
0038 0 11
0040 1 16
0041 0 10
0042 0 16
0043 0 11
0044 1 34
0045 1 9
0047 1 18
0048 0 16
0049 0 9
0050 0 10
0051 0 11
0052 1 12
0054 1 26
0055 0 30
0056 1 13
0057 0 9
0060 0 8
0061 1 18
0062 0 10
0063 0 10
0064 0 8
0065 1 14
0066 0 7
0068 0 7
0069 0 9
0070 0 7
0072 0 11
0074 0 8
0075 0 10
0076 0 20
0077 0 8
0078 1 20
0079 1 21
0080 0 10
0081 0 17
0082 0 19
0083 1 20
0084 0 15
0085 0 9
0086 0 8
0088 1 11
0089 0 16
0090 0 22
0091 0 8
0092 0 14
0093 0 7
0095 0 11
0096 0 9
0097 0 9
0098 0 10
0099 0 10
0100 0 5
0101 0 7
0103 0 10
0104 0 9
0105 1 16
0106 0 7
0107 0 7
0108 0 9
0109 0 17
0110 1 21
0111 0 16
0112 0 18
0113 0 3
0115 1 28
0117 0 16
0118 0 15
0120 0 7
0121 0 3
0124 0 16
0125 0 7
0126 0 21
0127 0 7
0128 0 8
0129 1 18
0130 0 18
0131 0 9
0132 0 10
0134 0 12
0135 0 10
0136 0 19
0137 0 8
0138 0 7
0140 0 8
0142 0 7
0143 1 16
0144 0 31
0145 1 23
0146 1 14
0147 1 11
0148 0 7
0149 0 8
0151 0 8
0152 1 16
0153 0 7
0155 0 7
0156 1 22
0157 0 7
0158 0 10
0159 0 10
0161 0 3
0162 0 7
0163 0 9
0164 1 10
0165 1 25
0166 0 16
0167 0 7
0168 0 10
0169 1 9
0170 1 15
0171 1 9
0173 0 14
0174 0 9
0175 1 11
0177 0 9
0178 0 6
0180 0 12
0181 0 3
0182 0 3
0183 0 3
0184 1 12
0185 0 9
0186 0 2
0187 1 15
0188 0 10
0189 0 7
0190 1 15
0191 1 14
0192 0 5
0193 0 11
0194 0 6
0195 0 9
0198 0 8
0199 0 16
0200 1 14
0201 0 7
0203 0 12
0204 0 8
0206 0 7
0207 0 5
0208 0 17
0209 1 17
0210 1 11
0212 0 7
0213 0 8
0215 0 9
0217 0 14
0218 0 17
0220 0 7
0221 0 8
0222 1 12
0223 0 5
0224 0 10
0225 1 21
0226 0 6
0227 0 29
0229 0 17
0230 1 11
0231 1 11
0232 0 7
0233 0 9
0234 0 9
0235 1 12
0236 0 10
0237 1 13
0239 0 7
0240 0 10
0241 1 17
0242 0 18
0243 0 6
0244 0 9
0245 0 11
0246 0 9
0247 0 9
0248 1 21
0249 0 12
0250 0 3
0251 1 15
0252 0 11
0253 0 11
0254 1 16
0255 0 8
0257 0 10
0258 0 10
0259 0 7
0260 1 16
0262 0 7
0263 1 11
0264 0 3
0265 0 10
0266 0 7
0267 0 12
0268 0 22
0269 0 8
0270 1 11
0271 0 10
0272 1 16
0273 0 7
0274 0 9
0275 1 11
0277 0 9
0279 0 11
0283 0 8
0287 0 4
0288 0 19
0290 1 16
0294 0 7
0295 0 9
0296 0 4
0297 1 13
0298 0 11
0299 0 11
0300 0 10
0301 1 9
0302 0 3
0303 0 10
0304 0 8
0305 0 9
0306 0 11
0307 1 18
0308 0 7
0309 0 13
0311 1 19
0312 1 13
0314 0 10
0315 1 23
0316 1 18
0317 0 9
0319 1 42
0320 1 12
0321 0 10
0322 1 18
0323 0 14
0325 0 10
0327 1 20
0328 0 15
0329 1 11
0330 0 29
0332 0 10
0334 0 11
0335 0 9
0336 1 18
0337 1 15
0341 0 8
0343 0 16
0344 1 13
0347 1 14
0348 0 11
0349 0 8
0350 0 18
0351 0 22
0352 1 15
0353 0 8
0354 0 14
0355 0 11
0356 0 13
0357 1 3
0358 1 12
0360 0 10
0361 0 15
0362 0 7
0363 1 23
0364 1 9
0366 0 8
0367 0 6
0369 0 10
0370 0 10
0371 1 17
0372 1 32
0373 0 7
0374 0 11
0375 0 19
0376 1 13
0377 0 9
0379 0 15
0380 0 27
0381 1 9
0382 0 10
0383 0 7
0384 1 13
0385 0 10
0389 1 22
0390 0 7
0391 0 12
0393 0 36
0396 0 8
0397 1 10
0399 0 51
0400 0 9
0402 0 16
0404 1 13
0406 0 3
0407 0 17
0409 0 9
0410 0 7
0411 0 10
0412 0 11
0414 1 11
0416 0 14
0417 0 18
0419 0 23
0420 0 9
0423 1 11
0424 0 17
0426 0 15
0427 1 11
0428 0 15
0429 0 10
0432 0 13
0433 0 8
0434 1 13
0435 1 12
0436 1 7
0437 0 10
0442 0 36
0444 1 12
0445 1 18
0446 0 9
0447 0 16
0448 0 16
0449 1 16
0450 1 30
0454 0 8
0455 0 14
0456 0 5
0457 0 7
0458 1 11
0459 1 22
0460 0 10
0461 0 46
0462 1 16
0463 0 14
0464 0 11
0465 1 16
0466 0 8
0467 1 11
0468 1 11
0469 0 10
0471 0 10
0472 1 22
0474 1 17
0475 0 6
0476 0 8
0477 0 16
0478 0 16
0479 0 10
0480 0 5
0481 0 9
0482 0 8
0483 0 11
0484 1 12
0485 0 16
0486 0 11
0487 0 6
0489 1 21
0490 0 7
0491 0 10
0493 0 21
0494 0 4
0495 0 11
0496 0 11
0497 0 7
0498 1 15
0500 0 17
0501 0 8
0502 0 8
0503 0 6
0504 0 9
0505 0 9
0506 1 12
0508 0 12
0509 0 7
0511 0 11
0513 0 24
0514 1 10
0515 1 11
0516 0 15
0517 1 11
0519 0 9
0520 1 7
0522 0 7
0523 0 11
0524 1 16
0525 1 16
0526 0 9
0527 0 14
0528 0 19
0531 1 11
0532 0 4
0534 1 17
0535 1 12
0536 0 10
0537 0 8
0538 1 17
0541 0 10
0542 0 10
0544 0 7
0545 1 20
0546 0 12
0547 1 10
0548 0 7
0549 0 9
0551 1 18
0552 1 33
0554 0 9
0555 1 15
0556 1 14
0557 1 11
0558 0 7
0560 0 7
0562 0 7
0563 0 7
0564 1 13
0566 0 2
0569 1 6
0570 1 11
0571 0 10
0572 0 11
0573 1 15
0574 0 10
0575 0 28
0576 0 9
0577 0 10
0578 0 11
0579 0 6
0580 0 9
0584 0 14
0586 1 22
0588 0 4
0590 0 23
0592 0 10
0594 1 11
0595 1 11
0596 0 11
0597 1 34
0599 0 18
0600 1 11
0602 0 6
0604 0 7
0605 0 4
0606 0 23
0607 0 26
0608 0 7
0611 0 22
0613 1 15
0614 1 10
0616 0 10
0620 0 3
0621 0 9
0622 0 9
0625 1 12
0626 0 11
0627 0 7
0629 0 10
0630 0 3
0631 0 13
0633 0 16
0634 1 15
0635 0 8
0636 0 10
0637 0 5
0638 0 4
0640 1 12
0642 1 15
0643 0 10
0644 0 7
0645 0 11
0646 1 6
0647 0 11
0649 0 13
0651 0 11
0652 0 13
0653 0 16
0654 0 9
0655 1 13
0656 1 12
0657 1 13
0658 1 15
0660 0 9
0661 1 17
0662 1 29
0663 0 22
0664 0 19
0665 1 23
0666 0 10
0667 0 14
0668 1 15
0669 0 10
0670 1 11
0671 0 11
0672 0 12
0673 0 11
0674 0 10
0675 0 16
0676 0 11
0677 0 7
0679 0 3
0680 0 10
0681 0 18
0682 1 17
0683 0 9
0684 0 8
0685 0 15
0686 0 10
0688 0 6
0689 0 10
0690 1 16
0691 0 11
0692 0 10
0693 0 4
0694 1 18
0695 1 18
0696 1 11
0697 0 9
0698 0 9
0700 0 17
0702 1 11
0703 0 6
0704 0 10
0705 1 30
0706 0 3
0708 1 25
0709 1 11
0710 0 7
0711 0 7
0712 0 13
0713 1 13
0714 1 12
0715 1 41
0716 0 12
0717 1 13
0718 0 8
0719 0 14
0721 1 19
0722 0 8
0723 0 3
0724 1 16
0725 1 32
0726 0 7
0727 0 8
0728 0 10
0729 1 8
0730 0 7
0731 1 7
0733 0 8
0734 0 3
0736 0 11
0739 1 19
0740 0 9
0741 1 20
0743 0 16
0744 0 8
0746 0 8
0747 0 10
0749 0 9
0751 0 10
0752 0 7
0753 0 8
0754 0 10
0755 1 10
0756 0 14
0758 0 11
0759 0 29
0760 0 9
0761 0 21
0762 0 7
0763 1 13
0766 0 16
0767 1 20
0768 0 14
0769 0 8
0770 1 14
0772 0 7
0773 0 8
0776 0 3
0777 0 10
0778 0 11
0780 0 10
0781 0 9
0782 0 7
0783 0 14
0784 0 16
0786 1 25
0787 0 7
0788 0 10
0789 0 12
0790 1 22
0791 0 19
0793 1 22
0794 0 11
0796 0 3
0797 0 11
0798 1 19
0799 1 16
0801 0 6
0802 0 22
0803 0 7
0804 1 11
0805 1 14
0806 0 21
0807 0 7
0808 0 7
0809 0 6
0810 0 3
0811 0 7
0813 0 16
0814 1 28
0816 1 15
0818 0 3
0819 0 11
0820 1 15
0821 0 11
0822 0 7
0823 0 11
0824 0 10
0825 0 7
0826 0 7
0827 1 12
0828 1 11
0830 0 20
0831 0 8
0832 0 8
0833 0 10
0836 0 14
0838 0 14
0840 0 7
0841 0 16
0843 1 11
0844 0 11
0845 0 13
0846 1 8
0847 0 7
0848 0 16
0850 0 21
0851 0 8
0852 0 10
0853 0 18
0854 1 11
0856 1 10
0857 0 21
0858 0 16
0859 0 8
0860 1 22
0861 0 23
0862 1 16
0863 0 8
0864 1 11
0865 0 8
0867 0 22
0868 0 16
0869 0 8
0870 0 50
0871 0 10
0872 0 3
0873 1 17
0875 0 9
0876 0 8
0877 0 16
0878 0 3
0879 0 4
0880 1 25
0882 0 8
0883 1 23
0885 0 3
0887 0 6
0891 0 10
0892 0 2
0893 0 15
0894 0 10
0895 1 14
0896 0 15
0897 0 9
0898 0 4
0899 0 9
0900 0 11
0901 0 20
0902 0 7
0903 0 9
0905 0 8
0906 1 14
0907 0 6
0908 1 13
0909 1 16
0910 0 8
0911 1 11
0912 0 24
0914 0 8
0915 1 9
0916 1 33
0917 0 11
0918 0 11
0919 0 13
0920 0 16
0923 1 9
0924 1 19
0925 1 14
0926 0 11
0927 0 7
0928 0 11
0929 1 23
0930 0 10
0931 1 23
0932 0 7
0934 0 5
0936 0 7
0937 0 8
0938 0 8
0939 0 11
0940 0 19
0941 0 7
0942 1 12
0943 1 18
0944 0 12
0945 0 7
0946 1 13
0947 0 7
0949 0 7
0950 0 8
0952 0 9
0953 1 14
0954 1 29
0956 1 15
0957 0 19
0958 1 12
0959 0 8
0960 0 7
0961 0 10
0962 1 16
0963 0 17
0964 0 10
0967 0 9
0970 0 10
0971 1 20
0972 1 14
0975 0 10
0976 1 17
0977 0 10
0978 1 13
0979 0 11
0980 0 10
0981 1 27
0984 0 11
0986 0 11
0987 0 9
0988 0 7
0990 0 11
0992 1 17
0994 0 10
0995 0 10
0996 1 11
0998 0 11
0999 0 7
1000 0 8
1001 1 11
1002 0 3
1003 0 4
1005 1 21
1006 0 11
1007 0 11
1008 0 10
1010 0 9
1012 0 9
1013 0 13
1014 1 10
1015 1 14
1016 0 20
1017 0 7
1019 0 7
1021 0 14
1022 0 8
1023 1 13
1024 0 8
1025 1 18
1026 0 4
1027 0 8
1028 0 9
1029 0 11
1032 0 25
1033 1 23
1035 0 9
1038 0 9
1040 1 15
1041 1 13
1042 0 9
1043 0 8
1044 0 8
1045 0 9
1046 0 6
1047 1 11
1048 0 11
1049 1 21
1050 1 17
1051 0 15
1052 0 10
1053 0 10
1054 0 22
1056 0 8
1058 0 18
1059 0 13
1060 0 14
1061 1 28
1062 0 6
1063 0 8
1064 0 2
1065 0 8
1067 0 11
1068 0 11
1069 0 11
1073 1 16
1074 0 9
1075 0 14
1076 0 11
1077 0 10
1078 1 31
1079 0 10
1081 0 16
1082 1 14
1083 0 11
1084 0 17
1086 0 13
1087 0 11
1091 0 9
1093 0 7
1094 0 9
1096 0 11
1097 1 17
1098 1 18
1100 1 11
1101 1 12
1102 0 8
1103 1 12
1104 1 13
1105 0 7
1106 1 10
1108 0 7
1109 1 18
1110 1 17
1111 1 11
1112 0 3
1113 0 10
1114 0 12
1115 1 9
1116 0 11
1118 0 6
1119 0 8
1120 1 12
1121 0 13
1123 0 9
1124 1 13
1125 0 10
1126 0 10
1128 1 12
1129 0 16
1130 0 8
1131 0 9
1132 0 14
1133 0 10
1135 0 9
1137 1 21
1138 0 7
1139 0 26
1140 0 4
1141 0 7
1142 0 10
1144 0 2
1145 0 8
1146 0 6
1147 0 4
1148 0 9
1149 0 11
1150 0 9
1151 1 12
1153 1 14
1154 0 16
1155 0 8
1156 0 11
1157 0 16
1158 0 9
1159 0 21
1160 0 7
1161 0 8
1162 1 16
1163 0 10
1164 0 22
1165 1 9
1166 0 8
1167 0 8
1168 0 11
1169 1 21
1170 0 8
1171 0 11
1172 0 17
1174 0 7
1175 1 15
1177 0 7
1178 1 22
1179 0 8
1180 0 9
1181 0 7
1182 0 11
1184 1 16
1186 1 13
1187 0 8
1188 0 7
1189 0 11
1190 0 9
1193 0 11
1194 0 8
1195 0 7
1196 0 16
1197 0 14
1200 0 11
1201 0 10
1202 0 11
1203 0 7
1204 1 23
1205 0 11
1209 0 8
1210 0 27
1211 0 7
1212 0 6
1213 1 22
1214 1 11
1215 0 10
1217 1 7
1218 1 7
1219 1 15
1221 0 11
1223 0 6
1224 0 8
1225 0 8
1226 0 11
1227 0 9
1228 1 13
1229 0 9
1230 0 10
1231 0 11
1232 0 9
1233 0 8
1234 0 16
1235 0 13
1236 0 11
1239 0 6
1240 0 8
1241 0 10
1242 0 3
1243 1 13
1244 0 8
1245 0 7
1248 1 11
1249 0 8
1250 0 18
1252 0 8
1253 0 7
1256 0 31
1257 0 9
1259 1 17
1260 0 10
1261 0 49
1262 1 20
1263 0 16
1264 1 11
1265 0 11
1266 0 9
1267 0 9
1269 0 3
1270 1 21
1271 0 8
1272 0 10
1273 0 11
1274 0 12
1275 1 13
1276 0 9
1277 0 16
1278 0 12
1279 0 10
1280 0 10
1282 0 35
1284 0 5
1285 0 18
1286 0 9
1287 0 51
1288 1 14
1289 0 7
1290 0 8
1292 1 38
1293 1 14
1294 1 11
1295 1 18
1296 0 9
1298 0 15
1299 1 14
1302 0 8
1303 0 8
1305 0 16
1307 0 11
1308 0 9
1309 0 12
1310 0 6
1311 0 10
1313 1 16
1314 1 14
1315 0 16
1316 0 9
1319 0 6
1320 0 9
1321 0 6
1322 0 11
1323 0 8
1324 0 10
1325 0 16
1326 0 7
1327 0 10
1328 0 28
1329 1 13
1330 0 11
1331 0 13
1332 0 4
1333 1 14
1334 0 12
1335 0 3
1336 1 7
1337 0 16
1338 0 7
1339 0 14
1340 1 8
1341 0 19
1342 0 9
1343 0 9
1344 0 15
1345 1 10
1346 0 10
1347 0 7
1349 1 12
1350 0 11
1351 1 18
1352 1 11
1353 0 16
1354 0 8
1355 1 21
1357 0 9
1358 0 8
1359 0 11
1361 0 5
1362 1 17
1363 0 50
1365 1 10
1366 1 7
1367 1 38
1369 1 15
1370 0 10
1371 0 7
1372 0 11
1373 0 10
1374 1 19
1375 0 9
1376 0 15
1379 1 19
1380 1 10
1381 0 13
1382 0 13
1384 0 11
1385 1 13
1386 1 22
1387 0 14
1388 0 13
1389 0 7
1391 1 12
1392 0 10
1393 0 10
1394 0 4
1395 0 10
1396 0 9
1398 0 9
1399 0 7
1400 0 10
1401 1 23
1402 0 7
1403 1 23
1404 0 7
1405 0 9
1407 0 21
1408 0 18
1410 0 22
1411 0 11
1412 1 19
1413 0 9
1415 0 10
1416 1 20
1417 1 13
1419 0 33
1421 0 11
1422 0 4
1423 1 17
1424 1 16
1427 0 8
1430 1 13
1431 0 7
1432 0 3
1434 0 13
1436 0 16
1437 0 10
1438 1 23
1439 0 9
1440 0 11
1441 0 7
1443 0 11
1444 0 34
1445 0 20
1446 0 15
1447 1 9
1448 0 10
1449 0 7
1450 1 15
1452 0 11
1453 0 9
1454 1 8
1455 0 7
1456 0 11
1457 0 13
1458 0 3
1460 0 11
1461 0 8
1462 0 11
1463 0 9
1464 0 8
1465 0 11
1466 0 11
1468 0 7
1471 0 11
1472 0 7
1473 0 11
1474 1 12
1475 1 17
1476 0 13
1478 0 10
1479 0 9
1480 0 11
1481 0 9
1482 0 6
1483 1 10
1484 1 13
1485 0 10
1486 1 19
1488 0 4
1489 1 19
1490 0 6
1491 0 8
1492 1 11
1493 0 25
1494 0 10
1495 0 10
1496 1 23
1498 0 12
1499 0 8
1502 0 7
1503 0 6
1505 1 20
1506 0 13
1507 0 13
1508 0 7
1509 0 11
1510 0 7
1511 1 14
1512 0 24
1513 0 7
1514 0 7
1515 0 8
1516 0 9
1517 1 14
1518 0 17
1519 0 9
1520 0 13
1523 0 10
1524 0 11
1525 1 47
1528 0 11
1529 0 16
1530 0 11
1532 0 11
1533 0 11
1535 0 3
1536 1 19
1537 0 25
1538 0 3
1539 1 11
1540 0 7
1541 0 8
1542 0 16
1543 0 11
1544 0 3
1545 0 9
1547 1 11
1548 0 8
1549 0 16
1550 0 12
1551 1 15
1552 0 9
1554 0 7
1555 0 3
1558 1 17
1560 0 12
1561 0 9
1562 0 9
1563 1 12
1564 0 11
1566 0 11
1568 1 30
1570 0 11
1572 0 9
1574 0 16
1575 0 12
1576 0 11
1577 0 8
1578 0 18
1579 0 14
1581 1 19
1582 0 3
1583 1 16
1584 0 31
1585 1 16
1586 0 11
1587 1 12
1588 0 3
1589 0 9
1590 0 3
1591 0 10
1592 0 29
1593 0 6
1595 0 16
1596 1 22
1597 0 16
1598 0 10
1599 0 11
1603 0 10
1604 0 7
1605 0 18
1607 0 11
1608 0 17
1609 0 10
1610 0 11
1612 0 16
1613 0 9
1614 0 20
1615 0 10
1616 0 9
1617 1 12
1618 0 7
1619 0 8
1620 1 12
1621 0 7
1622 0 19
1624 0 13
1625 0 8
1626 0 13
1627 0 16
1628 0 8
1629 0 18
1631 1 11
1632 0 8
1634 1 33
1635 0 8
1636 0 10
1638 0 3
1639 1 19
1640 0 19
1641 1 16
1643 0 24
1646 1 11
1648 0 10
1649 0 7
1651 0 7
1652 0 7
1653 0 17
1654 0 12
1655 0 8
1657 0 10
1659 0 9
1660 0 7
1661 0 8
1662 1 11
1663 0 8
1664 0 10
1665 0 9
1666 0 11
1667 1 12
1668 0 9
1669 1 14
1671 0 10
1672 0 16
1673 1 24
1674 0 8
1675 0 10
1676 0 8
1678 1 12
1679 0 8
1681 0 11
1682 1 11
1683 0 4
1684 0 23
1685 0 10
1686 0 13
1690 0 8
1691 1 16
1692 1 16
1693 1 7
1694 0 8
1695 1 16
1696 1 11
1697 0 16
1699 1 16
1700 1 20
1701 0 8
1702 1 16
1703 0 10
1704 0 11
1705 0 8
1707 0 9
1708 0 17
1710 0 8
1712 0 8
1713 1 12
1716 1 11
1717 0 16
1718 0 16
1719 0 11
1720 1 29
1723 1 18
1724 0 9
1725 1 9
1728 0 11
1730 0 16
1731 0 8
1732 1 22
1733 0 8
1734 0 10
1737 0 16
1738 1 36
1739 0 10
1740 0 10
1742 0 9
1743 0 13
1744 0 7
1745 1 29
1746 0 13
1748 0 7
1750 1 17
1751 1 17
1752 0 10
1753 0 12
1754 1 25
1755 0 9
1757 0 10
1758 0 10
1759 0 8
1760 0 15
1761 0 10
1762 0 9
1763 0 7
1764 0 10
1765 1 12
1766 0 9
1767 0 9
1769 1 14
1770 0 7
1771 0 10
1772 1 22
1773 0 7
1774 0 6
1775 0 9
1777 0 8
1778 1 11
1780 0 9
1781 1 16
1782 0 9
1784 0 9
1785 1 14
1788 1 16
1790 0 7
1792 1 20
1793 0 24
1794 0 16
1795 1 8
1796 1 18
1797 0 6
1798 0 11
1800 1 15
1801 0 3
1803 0 6
1804 0 10
1805 1 16
1806 0 7
1807 0 9
1808 0 11
1809 0 9
1811 1 16
1812 0 26
1814 0 4
1816 0 6
1817 0 7
1818 0 6
1821 0 14
1822 0 11
1823 0 11
1824 0 10
1825 0 10
1826 0 15
1827 0 11
1828 1 6
1829 1 13
1831 0 9
1833 1 17
1834 1 12
1835 0 4
1836 0 6
1838 0 16
1839 1 11
1840 0 8
1842 0 11
1843 1 10
1845 0 16
1846 0 9
1847 0 9
1848 0 5
1849 0 11
1850 0 10
1852 0 17
1854 0 16
1856 0 7
1857 0 8
1858 1 11
1859 0 10
1861 0 11
1862 0 10
1863 0 10
1864 0 10
1865 0 29
1866 0 22
1867 0 10
1868 1 22
1869 0 31
1870 0 11
1871 0 10
1872 1 18
1873 0 11
1875 1 20
1876 1 18
1879 0 8
1880 0 11
1881 0 13
1882 1 19
1883 1 16
1884 0 7
1885 0 10
1886 1 11
1887 1 13
1888 0 11
1889 0 10
1890 1 22
1891 0 8
1892 1 16
1893 1 16
1894 1 11
1896 1 10
1897 0 11
1898 1 8
1899 1 39
1901 0 7
1903 0 11
1904 0 15
1905 0 6
1906 0 6
1908 0 37
1909 1 15
1910 1 28
1911 0 6
1913 0 10
1914 1 17
1915 0 16
1916 0 7
1917 1 13
1918 0 22
1919 0 9
1920 0 20
1922 0 9
1924 0 7
1925 0 3
1926 1 8
1927 0 8
1928 0 25
1929 1 17
1930 0 9
1934 1 37
1935 0 4
1936 0 17
1937 0 8
1938 0 12
1939 0 10
1944 1 12
1945 0 9
1946 0 11
1948 0 8
1949 0 3
1950 0 16
1951 1 17
1952 0 9
1954 0 2
1956 0 8
1959 1 19
1960 0 11
1962 1 17
1963 1 25
1964 0 9
1965 0 15
1966 1 9
1967 1 15
1968 0 11
1969 0 11
1970 0 7
1972 0 9
1973 0 8
1974 0 12
1975 0 7
1977 0 15
1979 1 20
1981 0 11
1982 0 3
1983 0 10
1985 1 26
1986 1 15
1987 0 8
1988 0 8
1989 0 3
1990 0 10
1993 0 8
1994 0 11
1995 0 8
1997 0 11
1998 0 22
1999 0 17
2000 0 10
2001 0 10
2002 0 9
2003 0 28
2004 0 17
2005 0 8
2006 0 9
2007 1 15
2008 1 13
2009 0 8
2010 0 9
2011 0 10
2012 0 16
2013 0 8
2014 0 26
2015 0 18
2016 0 8
2017 0 7
2018 0 10
2019 0 7
2020 0 11
2021 0 11
2022 1 15
2024 0 10
2025 0 7
2026 0 9
2027 0 14
2028 0 13
2029 0 7
2030 0 10
2033 0 10
2034 0 4
2035 1 15
2038 0 6
2039 0 15
2040 1 23
2042 0 6
2045 0 9
2046 0 15
2048 0 7
2049 0 9
2050 0 7
2052 1 13
2053 0 10
2054 1 11
2055 0 11
2058 1 21
2059 0 16
2060 0 9
2061 0 7
2062 1 16
2064 0 7
2065 0 7
2066 0 10
2068 0 8
2069 0 10
2070 0 8
2071 0 8
2072 0 9
2073 1 15
2074 1 20
2075 0 10
2076 1 46
2077 0 8
2079 0 11
2080 0 12
2081 1 23
2082 0 10
2083 0 7
2086 0 7
2087 0 18
2088 0 7
2090 0 8
2091 0 11
2092 0 8
2093 0 10
2094 1 17
2096 1 11
2098 1 15
2099 0 7
2100 0 7
2101 0 11
2102 0 19
2103 1 15
2104 0 8
2106 0 11
2107 1 14
2109 1 12
2110 1 27
2111 0 10
2112 0 10
2113 0 9
2114 0 13
2115 0 12
2116 0 22
2117 0 8
2119 1 16
2120 0 11
2122 0 17
2123 0 22
2126 0 9
2127 1 11
2128 1 12
2129 1 17
2130 0 8
2131 1 21
2132 1 22
2133 1 18
2135 0 11
2136 0 12
2137 0 13
2138 0 11
2139 0 11
2140 0 11
2141 0 9
2142 0 15
2143 0 8
2144 0 34
2146 0 8
2147 0 9
2148 0 21
2149 0 11
2150 1 15
2152 0 10
2153 0 15
2154 0 24
2155 0 3
2156 0 11
2157 0 3
2158 1 15
2159 0 9
2160 1 16
2161 1 22
2162 0 7
2163 0 10
2164 0 9
2165 1 18
2166 0 3
2167 1 17
2169 0 7
2170 1 8
2171 0 11
2172 0 10
2173 1 16
2174 0 7
2175 1 12
2177 0 9
2178 1 11
2180 0 2
2181 1 12
2182 0 10
2183 0 28
2185 0 11
2186 0 15
2187 0 3
2188 0 8
2189 0 14
2190 0 7
2192 1 33
2193 0 9
2194 0 8
2195 1 15
2197 0 10
2198 0 7
2199 0 7
2200 1 16
2202 0 6
2203 0 10
2204 0 8
2205 1 11
2206 1 8
2207 1 7
2208 0 10
2210 1 15
2211 0 7
2213 1 17
2214 0 10
2215 0 11
2216 0 10
2218 0 3
2220 1 17
2222 1 17
2224 0 8
2225 1 22
2228 1 11
2229 1 25
2230 1 12
2231 0 3
2234 0 10
2235 0 13
2236 0 10
2237 1 18
2238 0 23
2239 0 7
2240 0 11
2241 0 6
2243 0 14
2244 0 9
2245 0 9
2246 0 9
2248 0 11
2249 0 10
2250 0 11
2251 0 9
2252 0 8
2253 1 41
2255 0 9
2256 1 19
2257 0 9
2258 0 15
2259 0 26
2261 0 8
2262 0 9
2263 1 28
2264 0 17
2265 1 44
2266 0 16
2267 1 10
2268 0 7
2269 0 6
2270 0 7
2271 0 8
2272 0 8
2273 1 15
2276 0 8
2278 0 17
2279 1 22
2280 0 6
2282 0 39
2283 0 7
2284 0 5
2285 0 11
2286 0 16
2287 0 8
2288 0 10
2289 0 8
2290 0 8
2291 1 12
2292 0 21
2293 0 8
2294 0 8
2295 0 11
2297 0 10
2298 0 10
2299 0 18
2300 1 11
2302 0 11
2304 0 7
2305 0 8
2306 1 24
2308 0 12
2310 0 7
2311 0 13
2312 0 10
2313 1 11
2314 1 36
2315 0 9
2317 1 28
2318 0 8
2319 0 7
2320 0 4
2321 1 26
2322 0 9
2323 0 10
2324 0 9
2325 0 20
2326 0 29
2327 0 6
2328 1 10
2329 0 11
2330 0 9
2331 0 7
2333 0 11
2334 1 20
2336 1 16
2337 0 20
2338 0 12
2339 0 7
2340 0 8
2341 0 9
2342 0 22
2343 0 8
2345 0 11
2346 1 16
2347 1 16
2348 0 8
2349 0 16
2350 0 8
2351 0 7
2352 0 7
2353 0 3
2354 0 8
2355 1 29
2358 1 15
2359 0 6
2360 0 10
2361 0 10
2365 0 9
2366 0 9
2367 0 14
2368 1 16
2369 0 6
2370 1 11
2371 0 16
2372 0 15
2373 0 8
2374 0 15
2376 0 8
2377 0 9
2380 0 9
2381 1 11
2382 1 14
2383 0 11
2384 1 16
2386 0 10
2387 0 15
2388 1 14
2389 1 17
2390 0 17
2391 0 11
2392 0 10
2393 0 8
2394 0 6
2395 0 12
2397 0 8
2398 0 9
2399 0 7
2400 1 7
2401 0 7
2402 0 10
2404 0 8
2406 1 29
2407 0 9
2410 0 5
2411 1 12
2412 0 11
2413 1 24
2414 0 8
2415 0 6
2417 1 21
2419 0 9
2420 0 12
2421 1 17
2422 0 10
2424 0 24
2426 1 11
2428 0 9
2429 0 21
2431 0 16
2432 0 16
2433 0 6
2435 0 9
2437 0 15
2438 0 11
2439 0 10
2440 1 10
2441 0 8
2442 0 16
2443 0 10
2444 0 8
2445 0 7
2446 0 3
2448 0 11
2449 1 19
2450 0 8
2451 0 3
2453 0 4
2454 0 11
2455 1 24
2457 0 7
2459 1 13
2461 0 8
2462 0 10
2463 0 15
2464 0 16
2466 0 23
2468 0 11
2469 1 18
2472 0 14
2473 0 8
2474 0 9
2476 1 16
2477 0 9
2478 0 10
2479 0 10
2480 1 13
2481 0 21
2482 0 6
2483 1 15
2484 0 8
2486 0 18
2487 0 8
2488 0 10
2489 0 9
2490 0 10
2491 0 34
2492 1 13
2494 1 11
2495 1 18
2496 0 7
2499 1 31
2500 0 11
2501 0 11
2502 0 8
2503 1 11
2504 0 3
2506 1 13
2507 0 11
2509 1 6
2510 1 17
2511 0 7
2512 1 11
2513 1 15
2514 0 18
2515 0 11
2516 0 8
2518 0 8
2519 0 6
2520 1 17
2521 1 12
2522 0 3
2523 1 11
2524 0 6
2525 1 14
2526 0 15
2528 0 8
2529 0 8
2530 0 11
2531 1 13
2532 1 9
2534 0 7
2535 0 17
2536 0 9
2537 0 4
2538 0 16
2539 0 11
2541 0 16
2542 0 13
2543 0 10
2544 1 13
2547 0 8
2548 0 9
2549 0 10
2550 0 8
2551 0 8
2552 0 6
2553 1 17
2554 0 9
2555 1 7
2556 0 7
2558 0 7
2560 0 8
2561 0 18
2562 1 12
2563 1 10
2564 0 3
2565 0 8
2566 1 11
2568 0 17
2569 1 8
2570 0 11
2571 0 8
2573 0 10
2574 0 10
2575 0 8
2577 0 9
2578 0 4
2579 0 12
2580 0 7
2581 1 7
2583 0 7
2584 1 11
2585 0 16
2586 1 21
2587 0 10
2588 0 11
2590 1 14
2592 1 21
2593 0 6
2594 0 7
2595 0 17
2596 0 7
2597 1 21
2598 1 26
2599 1 11
2600 0 18
2601 0 8
2602 0 7
2604 1 20
2606 1 10
2607 0 17
2608 1 5
2609 0 16
2610 1 11
2611 1 23
2612 1 12
2613 1 16
2614 0 3
2615 1 11
2616 1 12
2617 0 12
2618 0 16
2619 1 13
2621 0 16
2622 1 29
2623 1 17
2624 0 10
2625 0 9
2626 1 20
2628 0 9
2629 0 10
2630 1 16
2631 0 19
2632 0 23
2634 1 19
2635 0 10
2636 0 21
2637 0 8
2638 1 22
2639 0 10
2640 0 8
2641 0 12
2642 0 8
2643 0 11
2644 1 11
2645 0 22
2647 0 16
2648 0 13
2649 0 8
2650 0 11
2652 1 10
2653 0 7
2654 0 18
2655 0 3
2656 1 8
2659 1 16
2660 0 17
2664 1 11
2665 1 8
2666 0 6
2667 1 12
2668 0 3
2669 1 10
2671 1 19
2672 0 11
2673 0 22
2674 1 17
2676 1 20
2677 0 15
2678 0 7
2681 0 8
2682 1 13
2683 0 6
2685 0 7
2686 0 7
2688 0 9
2689 0 9
2690 0 16
2692 1 18
2693 0 22
2694 0 8
2695 1 19
2696 0 22
2697 1 12
2698 0 16
2699 0 6
2700 0 15
2702 1 13
2703 1 16
2704 0 7
2705 0 8
2706 0 6
2707 0 9
2708 0 9
2709 1 14
2710 1 12
2711 0 13
2712 1 11
2713 1 12
2714 0 8
2715 0 10
2716 0 10
2717 1 16
2718 0 8
2720 1 12
2721 0 3
2722 0 9
2723 1 22
2724 0 5
2725 1 14
2726 0 8
2727 0 7
2728 0 10
2729 1 17
2731 0 3
2732 0 11
2733 1 10
2734 0 7
2736 1 17
2739 0 7
2741 0 16
2742 1 13
2744 1 3
2745 0 26
2746 1 11
2747 1 10
2749 0 6
2750 0 11
2751 0 10
2753 0 10
2756 0 10
2757 1 14
2758 0 8
2759 0 9
2761 1 19
2763 0 12
2764 1 12
2766 1 12
2767 1 18
2768 0 9
2769 0 16
2770 0 9
2772 1 16
2773 1 11
2774 1 14
2775 0 10
2776 1 17
2778 0 10
2779 0 11
2780 1 32
2781 1 11
2782 1 7
2783 0 16
2784 1 17
2785 0 47
2786 0 30
2787 1 24
2788 0 13
2790 1 13
2791 0 3
2792 0 3
2793 0 9
2794 0 10
2796 0 5
2797 0 7
2798 0 8
2800 1 16
2801 1 11
2802 0 10
2803 0 24
2804 0 17
2806 0 29
2807 0 15
2808 0 3
2809 0 9
2811 0 7
2812 0 8
2813 0 8
2815 1 25
2816 0 6
2817 0 8
2818 0 10
2820 1 26
2821 1 12
2822 0 20
2823 0 7
2825 1 11
2828 0 11
2829 0 11
2830 0 9
2831 0 6
2832 0 11
2833 1 14
2834 0 11
2835 0 9
2837 0 10
2838 0 5
2839 0 12
2841 0 14
2842 1 24
2843 1 12
2844 0 8
2845 0 11
2846 1 13
2847 1 7
2849 0 8
2850 0 10
2852 1 12
2853 0 9
2855 1 23
2856 0 10
2858 0 16
2859 0 11
2860 0 12
2861 0 10
2862 0 10
2863 0 6
2864 1 23
2865 1 16
2867 0 15
2869 0 7
2871 0 6
2872 0 9
2873 0 9
2874 0 4
2877 0 17
2878 1 21
2879 0 5
2880 1 15
2881 0 38
2882 0 10
2883 0 11
2884 0 16
2885 1 29
2886 0 7
2889 0 8
2890 0 10
2891 1 11
2892 0 9
2893 0 9
2895 1 20
2896 0 10
2897 1 23
2898 1 15
2899 0 6
2900 0 10
2902 0 14
2903 0 9
2904 1 15
2905 0 10
2906 0 9
2907 0 15
2908 0 7
2909 0 8
2910 0 15
2912 0 13
2913 0 20
2914 1 21
2915 0 21
2916 1 11
2917 1 11
2918 0 15
2919 1 11
2920 0 9
2922 0 8
2923 0 26
2924 0 6
2926 0 9
2927 0 16
2928 1 19
2929 0 8
2931 0 17
2932 0 11
2933 0 11
2934 0 7
2938 0 3
2940 0 23
2941 1 16
2942 1 20
2943 0 7
2944 0 16
2945 1 12
2946 0 29
2949 0 10
2951 0 12
2952 1 16
2955 0 17
2957 0 11
2958 0 7
2959 0 10
2960 1 19
2961 0 6
2962 0 7
2963 0 6
2964 1 24
2965 0 8
2966 0 14
2967 0 7
2968 1 22
2969 0 14
2971 0 9
2972 0 7
2973 1 15
2976 0 7
2978 1 18
2979 0 8
2981 0 6
2982 1 7
2983 0 9
2984 0 9
2986 0 7
2987 0 9
2990 1 16
2992 0 9
2993 1 21
2994 1 11
2995 1 17
2996 0 3
2999 0 11
3000 0 15
3002 0 9
3003 0 16
3004 0 6
3005 0 16
3006 0 11
3007 0 9
3009 0 6
3010 1 11
3011 0 5
3012 0 8
3013 0 4
3014 0 4
3015 0 15
3016 0 9
3017 0 13
3018 0 8
3020 1 10
3021 0 10
3022 0 10
3024 1 14
3025 0 7
3026 0 16
3027 0 15
3030 0 23
3033 0 2
3034 0 8
3035 0 9
3037 0 7
3038 1 28
3039 0 8
3041 0 9
3042 0 14
3044 0 11
3046 0 11
3048 1 16
3049 0 9
3050 0 8
3052 0 27
3054 0 7
3055 0 7
3056 0 7
3058 0 11
3059 1 17
3060 1 14
3061 0 15
3065 0 7
3066 0 2
3068 0 11
3069 0 10
3071 0 17
3073 0 10
3074 0 8
3075 0 4
3076 0 6
3079 0 14
3080 0 7
3081 0 5
3082 0 12
3083 0 10
3084 1 16
3085 1 16
3086 0 9
3087 0 7
3088 0 9
3089 0 10
3090 1 21
3091 0 7
3092 1 16
3093 0 18
3094 0 7
3095 0 8
3096 0 9
3098 0 5
3100 1 16
3101 0 12
3102 0 13
3103 1 8
3104 0 11
3106 0 10
3107 0 7
3108 1 16
3109 1 20
3111 0 7
3112 0 7
3113 0 8
3114 0 28
3115 0 73
3116 0 7
3117 0 7
3118 0 9
3120 0 11
3121 0 8
3122 0 11
3123 0 11
3126 0 10
3127 1 16
3128 0 8
3129 0 10
3130 0 16
3132 0 10
3133 0 10
3134 0 9
3135 0 41
3136 0 8
3137 0 10
3138 1 14
3139 1 9
3140 0 19
3142 0 9
3143 1 11
3144 0 9
3145 1 14
3146 0 14
3147 0 11
3148 1 14
3149 1 11
3150 0 23
3151 1 14
3152 1 16
3153 0 4
3154 0 6
3155 0 8
3156 1 29
3157 0 11
3158 1 15
3159 1 18
3160 1 13
3161 0 10
3162 0 42
3163 1 7
3164 0 11
3166 0 14
3167 0 11
3168 0 12
3171 0 3
3175 0 9
3176 0 9
3177 0 17
3178 0 9
3179 0 7
3181 0 19
3182 1 26
3183 0 6
3184 0 8
3185 0 18
3186 1 9
3187 0 6
3188 0 9
3190 1 23
3191 0 9
3192 0 10
3193 0 39
3194 0 14
3195 1 15
3196 0 10
3197 0 9
3198 1 14
3199 0 9
3202 1 13
3203 0 16
3204 1 7
3205 0 16
3206 0 11
3209 0 7
3211 1 11
3212 0 11
3213 1 6
3214 0 2
3215 0 9
3216 0 8
3217 1 12
3218 0 11
3220 0 12
3222 0 7
3223 0 7
3224 0 7
3225 1 14
3227 1 5
3228 1 36
3229 1 13
3230 0 17
3232 0 8
3234 0 8
3235 1 11
3236 1 11
3237 0 6
3239 1 34
3240 0 15
3242 0 8
3243 0 23
3244 0 8
3245 0 8
3246 0 3
3247 0 11
3248 0 12
3249 0 11
3250 0 15
3254 0 16
3255 1 37
3256 0 5
3257 0 4
3258 0 10
3259 1 16
3262 0 9
3263 0 11
3264 1 11
3265 1 13
3266 0 11
3267 0 10
3269 1 13
3271 0 13
3272 1 16
3273 0 7
3274 0 8
3275 0 24
3276 1 23
3277 0 7
3278 1 13
3279 0 15
3280 0 9
3281 0 14
3282 0 7
3283 0 7
3284 0 10
3285 0 6
3287 0 11
3288 1 17
3289 0 11
3290 1 11
3291 0 10
3292 0 10
3294 0 11
3295 1 12
3296 0 11
3297 1 16
3298 0 12
3299 1 17
3300 0 10
3301 0 16
3302 0 17
3303 0 8
3304 0 7
3306 1 26
3307 0 8
3308 0 6
3309 0 7
3310 1 12
3311 1 15
3313 0 8
3314 0 14
3315 1 18
3316 0 8
3317 0 20
3318 0 12
3319 1 13
3320 0 5
3321 1 17
3322 0 8
3324 0 11
3325 0 11
3326 0 7
3327 1 22
3328 0 34
3330 0 11
3332 0 9
3333 0 9
3334 0 10
3335 0 11
3336 1 8
3337 1 17
3338 0 3
3339 0 7
3340 0 7
3341 0 16
3342 1 9
3344 0 4
3345 0 13
3346 0 9
3347 0 18
3348 0 11
3349 0 21
3350 0 8
3351 0 3
3352 0 8
3353 1 13
3354 0 7
3355 1 34
3357 1 14
3359 1 11
3361 0 9
3362 0 11
3363 0 9
3364 0 11
3367 0 18
3368 0 11
3369 0 16
3370 0 18
3372 0 15
3373 0 12
3374 1 14
3375 0 8
3377 0 19
3378 0 13
3379 0 9
3380 1 19
3381 0 6
3382 0 7
3383 1 15
3384 0 7
3386 0 27
3387 0 15
3388 1 11
3389 0 11
3391 0 9
3392 1 11
3393 0 7
3394 0 11
3395 0 13
3396 0 7
3397 0 6
3398 0 8
3399 1 10
3400 0 13
3401 0 16
3402 0 10
3403 0 7
3404 0 7
3405 1 13
3406 0 10
3407 0 7
3408 0 11
3409 1 11
3410 0 8
3411 1 18
3412 0 10
3413 0 3
3414 0 10
3416 0 10
3417 0 16
3418 0 7
3419 1 13
3420 0 8
3423 0 7
3425 0 14
3426 0 9
3427 0 9
3428 0 8
3430 0 20
3432 0 15
3433 0 7
3434 1 23
3435 0 16
3436 1 21
3437 0 19
3439 0 3
3441 0 7
3442 0 8
3443 0 5
3444 0 11
3445 0 7
3446 0 8
3447 1 20
3448 0 3
3449 1 28
3450 0 13
3451 1 14
3452 1 11
3453 1 9
3455 0 8
3456 0 10
3457 0 11
3458 0 11
3462 0 14
3463 0 11
3464 0 2
3466 0 12
3467 1 12
3468 0 8
3469 0 7
3470 0 10
3472 0 8
3474 0 9
3475 0 4
3477 1 17
3478 0 11
3481 1 12
3483 0 11
3484 0 16
3485 0 7
3486 1 17
3488 0 10
3489 0 3
3490 0 10
3491 1 10
3492 0 3
3493 0 7
3494 0 8
3495 0 11
3496 1 8
3497 0 16
3499 0 8
3500 0 8
3501 0 16
3502 0 19
3505 0 29
3506 0 10
3507 1 14
3509 0 6
3510 0 16
3511 1 9
3512 1 14
3514 0 10
3515 0 11
3516 0 10
3517 0 3
3518 0 9
3519 0 16
3520 0 10
3521 0 10
3522 0 24
3523 1 12
3524 0 7
3525 0 19
3526 1 13
3527 0 11
3528 0 7
3530 0 9
3531 0 7
3532 0 13
3533 0 3
3534 0 16
3535 0 10
3536 0 16
3538 0 9
3539 0 7
3540 1 14
3541 1 13
3542 1 11
3543 1 19
3544 1 18
3545 0 9
3547 0 7
3548 0 50
3549 0 10
3551 0 14
3552 1 13
3553 0 8
3554 1 15
3555 0 11
3556 1 11
3557 1 15
3558 0 40
3559 1 22
3560 0 22
3562 1 12
3564 0 7
3566 0 7
3567 0 11
3568 0 8
3570 0 17
3571 0 11
3572 0 6
3573 0 9
3574 0 8
3575 1 13
3576 0 6
3577 0 10
3578 1 13
3579 0 9
3580 0 7
3581 0 8
3583 0 10
3585 0 7
3586 0 6
3587 1 12
3588 1 14
3589 0 9
3591 0 9
3592 0 8
3593 1 14
3594 1 12
3595 1 10
3596 0 48
3597 0 10
3598 0 7
3599 0 16
3600 1 11
3601 0 8
3603 0 10
3605 0 10
3606 0 8
3607 1 23
3609 0 9
3610 1 18
3611 1 24
3612 0 8
3613 0 10
3614 0 11
3615 1 43
3616 0 11
3617 1 14
3618 1 11
3619 0 14
3620 1 23
3621 0 12
3622 0 15
3623 0 8
3624 0 11
3625 0 16
3626 0 8
3627 0 8
3628 1 13
3629 0 7
3631 0 15
3633 1 14
3634 0 11
3635 0 12
3636 0 6
3637 0 15
3639 0 16
3640 1 12
3641 0 9
3642 0 11
3643 0 16
3645 0 8
3647 0 11
3648 1 12
3649 1 21
3650 1 12
3651 1 19
3652 0 12
3653 0 17
3654 0 36
3655 1 4
3658 1 12
3659 0 10
3660 0 11
3661 0 11
3662 0 9
3663 0 8
3664 1 23
3666 1 13
3667 0 7
3668 0 7
3669 1 11
3670 0 10
3672 0 9
3673 0 9
3674 0 11
3675 1 15
3676 0 10
3677 0 9
3679 1 18
3680 0 9
3681 0 8
3682 0 8
3683 0 8
3685 0 15
3686 0 8
3688 0 7
3689 1 11
3690 1 22
3691 0 5
3692 0 9
3693 1 23
3694 0 8
3695 0 9
3696 0 18
3697 1 15
3698 0 7
3699 1 16
3700 0 13
3701 0 11
3702 0 4
3703 1 27
3704 1 13
3705 0 4
3706 0 10
3707 1 12
3709 0 11
3710 1 16
3711 1 23
3712 0 20
3714 0 12
3715 0 9
3717 0 10
3718 0 17
3721 1 37
3722 0 11
3723 1 46
3724 1 23
3725 0 9
3726 0 9
3727 0 16
3728 0 8
3729 0 10
3730 1 11
3731 0 4
3732 1 19
3733 0 19
3734 1 16
3736 0 10
3737 0 6
3738 0 9
3739 1 11
3740 0 13
3741 1 11
3742 0 7
3743 0 11
3744 1 19
3745 1 21
3746 0 10
3749 0 10
3750 0 15
3751 0 9
3752 0 14
3753 1 15
3754 0 6
3755 1 39
3756 0 8
3757 0 11
3758 1 19
3759 0 11
3761 0 9
3763 1 11
3765 1 17
3766 1 13
3767 1 15
3769 0 11
3770 0 9
3771 1 18
3773 0 9
3774 0 7
3776 0 10
3777 0 28
3778 1 11
3779 0 8
3780 0 20
3781 0 17
3784 0 4
3785 0 17
3786 0 10
3788 1 17
3789 0 11
3790 0 9
3792 0 5
3793 1 14
3794 1 11
3796 0 23
3797 1 11
3799 1 11
3800 0 8
3802 0 20
3803 0 9
3804 0 20
3805 1 11
3807 0 6
3808 0 9
3809 0 9
3811 0 16
3812 0 3
3813 1 50
3814 0 16
3815 0 11
3816 0 3
3817 0 10
3818 0 11
3820 0 25
3821 1 11
3822 0 10
3823 0 7
3825 0 10
3828 1 20
3829 0 15
3830 0 7
3831 1 10
3832 0 11
3833 0 16
3834 0 6
3835 0 11
3836 0 22
3837 1 13
3838 0 8
3839 0 10
3840 1 6
3841 1 42
3843 0 16
3844 0 39
3845 0 15
3846 1 11
3847 0 3
3848 0 12
3849 0 11
3850 0 8
3851 0 12
3852 0 7
3853 0 16
3854 0 9
3855 0 10
3856 0 9
3857 1 13
3860 1 17
3862 0 6
3863 0 6
3864 0 8
3866 1 17
3867 0 9
3868 0 8
3869 0 12
3872 0 6
3873 0 9
3875 0 9
3876 1 36
3877 0 6
3878 0 31
3880 0 11
3882 1 8
3883 1 10
3884 0 3
3885 0 9
3886 0 12
3888 0 11
3889 0 10
3890 0 6
3891 0 12
3892 0 8
3893 0 17
3894 0 11
3896 1 11
3897 1 14
3898 0 10
3899 0 7
3900 1 18
3902 0 11
3905 0 9
3906 0 10
3907 0 3
3908 0 14
3910 0 19
3911 1 12
3912 0 28
3913 0 7
3914 0 11
3915 0 9
3916 0 9
3917 0 7
3919 0 10
3920 0 8
3921 0 7
3922 0 16
3923 0 16
3925 1 24
3927 1 16
3929 1 23
3933 1 16
3934 0 3
3937 1 17
3938 0 9
3940 0 10
3942 1 16
3943 0 8
3944 0 5
3945 0 11
3946 0 10
3947 1 18
3948 1 21
3949 0 7
3950 0 17
3951 1 14
3952 0 8
3953 0 8
3954 0 8
3955 0 12
3956 0 9
3957 0 14
3958 0 7
3959 1 10
3960 1 14
3961 0 9
3962 0 19
3963 1 16
3964 0 4
3965 0 9
3967 1 12
3968 1 32
3971 0 11
3972 0 11
3973 0 10
3975 0 18
3977 0 7
3978 0 11
3979 1 11
3980 1 17
3981 0 7
3982 0 20
3983 0 9
3984 0 9
3985 1 12
3986 0 4
3987 1 13
3988 0 28
3989 0 8
3991 0 7
3992 0 11
3993 0 9
3994 0 10
3995 1 16
3996 0 4
3997 0 22
3998 1 28
3999 0 10
4000 0 10
4002 0 4
4003 0 7
4005 0 11
4006 0 9
4007 1 15
4008 0 9
4009 0 7
4010 0 10
4012 0 10
4013 1 16
4014 1 19
4015 0 14
4016 0 11
4017 0 15
4018 0 5
4019 0 10
4020 1 13
4021 0 8
4023 0 7
4024 0 9
4025 0 14
4026 0 9
4027 0 7
4028 0 10
4029 0 16
4030 1 9
4031 0 11
4032 0 6
4033 0 13
4034 0 7
4036 0 17
4037 1 25
4038 1 12
4039 0 17
4040 1 9
4041 0 8
4043 0 18
4045 0 14
4046 0 7
4047 0 2
4048 0 9
4049 0 7
4050 0 6
4051 0 12
4052 0 10
4053 0 9
4054 1 13
4055 1 13
4057 0 7
4058 0 9
4059 1 11
4060 0 12
4061 0 3
4062 0 11
4063 0 11
4064 0 9
4066 0 25
4067 1 12
4068 0 10
4069 0 11
4070 0 15
4071 0 7
4072 0 11
4073 1 19
4074 1 11
4076 0 7
4077 0 10
4078 0 10
4079 0 9
4080 0 11
4081 0 7
4083 1 10
4084 0 10
4088 0 6
4089 0 9
4090 1 16
4091 0 6
4092 0 7
4093 0 7
4095 1 15
4097 1 6
4098 1 14
4100 0 15
4101 0 10
4102 0 12
4104 0 9
4105 0 16
4106 0 7
4107 1 11
4108 0 11
4109 0 8
4110 1 11
4111 0 9
4112 0 11
4113 0 3
4114 1 26
4115 0 7
4119 0 7
4120 0 10
4121 0 8
4122 0 7
4123 1 24
4124 0 10
4125 0 11
4126 0 7
4128 0 7
4129 0 3
4130 0 8
4131 1 10
4133 1 6
4134 1 11
4135 0 11
4137 0 17
4138 1 17
4139 0 6
4140 0 5
4141 0 7
4143 0 11
4144 0 17
4145 0 10
4146 0 4
4147 0 7
4148 0 25
4149 0 16
4150 0 16
4151 0 11
4152 0 9
4153 0 9
4154 0 9
4155 0 17
4158 0 13
4159 1 14
4161 0 8
4163 0 8
4164 0 10
4165 0 10
4166 0 3
4167 0 7
4168 0 11
4169 1 12
4170 1 18
4171 1 19
4172 0 16
4173 0 11
4174 0 12
4177 0 10
4178 1 14
4179 0 8
4180 0 4
4181 0 8
4182 0 9
4183 0 4
4185 0 7
4186 0 11
4187 0 6
4188 1 10
4189 0 4
4190 1 18
4191 0 8
4192 1 16
4193 0 11
4194 1 12
4196 1 25
4197 0 11
4198 0 8
4199 0 11
4201 0 8
4202 0 20
4203 0 10
4204 0 8
4205 0 15
4206 0 9
4207 0 28
4209 0 26
4210 1 10
4211 1 6
4213 0 8
4214 0 10
4215 0 11
4216 0 8
4217 0 3
4219 1 19
4222 0 19
4223 1 19
4225 0 18
4226 0 11
4227 0 14
4229 0 10
4230 0 8
4231 1 14
4232 1 15
4233 1 22
4234 0 11
4236 0 7
4237 1 9
4238 0 18
4239 1 28
4240 0 11
4241 0 7
4242 0 7
4243 0 21
4245 0 15
4246 0 11
4247 1 21
4248 0 9
4249 0 6
4250 0 3
4251 0 16
4252 1 11
4253 0 6
4256 0 7
4257 0 7
4258 0 9
4259 0 9
4260 0 12
4262 1 12
4263 0 9
4264 1 15
4265 0 10
4267 1 21
4268 0 15
4270 0 11
4271 1 28
4273 0 7
4275 0 7
4276 1 29
4277 0 24
4279 0 8
4280 0 3
4282 0 16
4283 0 10
4284 0 10
4285 0 9
4289 0 6
4290 0 9
4291 0 9
4292 0 9
4293 0 8
4294 0 9
4295 0 10
4296 0 12
4297 0 11
4298 1 11
4300 0 5
4302 0 8
4303 0 2
4304 1 16
4305 1 18
4306 0 15
4307 0 3
4308 0 7
4309 0 7
4310 1 14
4312 0 10
4313 0 9
4314 0 11
4316 0 13
4318 0 15
4319 0 15
4320 0 7
4321 0 16
4322 0 11
4323 0 30
4324 1 12
4325 0 9
4326 0 8
4327 1 8
4328 1 17
4329 1 23
4330 0 8
4332 1 18
4333 0 10
4334 1 15
4335 0 12
4336 0 10
4338 0 8
4339 0 3
4340 0 8
4341 0 7
4342 1 11
4343 1 14
4344 0 14
4346 0 10
4348 0 10
4349 0 10
4351 1 23
4352 1 18
4353 0 12
4354 1 21
4355 0 9
4356 0 14
4357 0 7
4358 1 17
4359 0 10
4360 1 23
4361 0 7
4363 0 7
4364 0 16
4365 0 8
4366 0 8
4367 0 8
4368 1 11
4369 0 16
4373 1 8
4374 0 11
4375 0 10
4376 0 11
4377 0 9
4378 1 13
4379 1 9
4380 0 9
4381 0 6
4382 0 8
4383 0 19
4384 1 15
4385 0 6
4387 0 7
4388 0 7
4389 0 9
4390 1 12
4391 0 7
4394 0 16
4395 0 11
4397 0 3
4398 0 8
4399 0 10
4400 1 29
4401 1 12
4402 1 16
4403 0 22
4404 0 16
4405 0 9
4406 0 15
4407 1 15
4408 0 8
4409 1 10
4410 1 16
4413 0 9
4414 0 3
4415 1 16
4417 0 7
4418 0 7
4419 1 20
4420 0 9
4422 0 8
4423 0 10
4424 1 10
4425 0 8
4426 0 15
4427 0 16
4428 0 15
4429 1 15
4430 1 27
4431 1 7
4432 1 12
4434 1 16
4435 0 34
4437 0 3
4438 0 16
4439 0 3
4441 0 28
4442 0 11
4443 1 11
4444 1 11
4445 1 18
4446 1 14
4447 0 7
4448 0 9
4449 1 23
4450 0 8
4452 1 17
4454 1 40
4455 1 8
4456 1 11
4457 0 3
4459 0 10
4460 0 9
4461 0 10
4462 0 7
4464 0 6
4465 0 19
4466 0 11
4467 0 8
4469 1 15
4470 0 7
4471 0 7
4472 0 9
4474 0 6
4477 0 9
4479 0 7
4480 0 11
4481 1 12
4483 0 10
4484 0 17
4485 0 8
4486 0 17
4487 0 11
4488 0 16
4490 0 10
4491 1 16
4492 0 11
4493 0 10
4495 0 7
4496 1 15
4498 1 13
4499 0 16
4500 0 27
4501 0 11
4502 1 17
4503 0 11
4504 1 10
4506 0 16
4507 0 17
4508 0 10
4509 1 25
4511 0 10
4512 0 11
4513 0 22
4515 0 7
4516 0 9
4517 0 11
4518 0 9
4520 1 11
4522 0 5
4523 0 7
4524 0 7
4525 0 10
4526 0 10
4527 0 16
4529 0 37
4530 0 9
4531 0 7
4532 0 16
4533 1 23
4534 1 11
4535 0 17
4536 0 2
4538 0 24
4539 0 3
4540 0 4
4541 0 11
4542 0 11
4543 0 8
4544 0 10
4545 0 11
4546 0 19
4547 0 7
4549 1 16
4550 0 8
4551 1 8
4552 0 10
4553 0 7
4554 0 39
4555 1 16
4557 0 15
4558 0 7
4559 1 17
4560 0 10
4561 0 11
4563 0 7
4564 0 6
4565 0 8
4566 0 4
4567 0 11
4568 0 10
4569 1 14
4570 0 9
4571 0 8
4572 1 11
4574 0 8
4575 0 17
4576 1 15
4577 0 8
4578 0 9
4581 0 11
4582 1 11
4583 0 8
4584 0 10
4585 1 11
4586 0 22
4587 1 19
4588 1 21
4589 0 10
4591 0 10
4592 0 19
4593 0 16
4594 0 7
4596 0 11
4597 0 11
4600 0 11
4601 0 11
4602 0 4
4603 0 7
4606 0 8
4607 0 8
4609 1 12
4610 0 9
4611 0 11
4612 0 5
4613 1 12
4614 0 8
4615 0 7
4616 0 22
4617 0 11
4618 1 10
4619 1 10
4620 0 12
4621 0 4
4622 1 11
4623 0 33
4624 0 7
4626 0 3
4627 0 9
4629 0 6
4630 0 8
4631 0 8
4632 0 9
4633 0 20
4634 0 8
4636 0 17
4637 0 11
4638 1 19
4639 0 16
4640 1 16
4642 0 8
4643 1 14
4644 1 19
4645 0 11
4647 0 3
4648 0 14
4649 0 10
4650 0 3
4651 0 10
4652 1 13
4653 0 9
4656 1 11
4657 0 9
4658 0 17
4660 1 23
4661 1 14
4663 1 17
4664 0 8
4665 0 10
4667 0 17
4668 0 7
4669 1 14
4670 0 10
4671 0 31
4674 0 19
4675 0 11
4676 0 7
4677 1 10
4678 0 7
4679 0 9
4681 1 11
4682 0 9
4684 0 3
4685 0 11
4686 0 9
4687 0 9
4689 0 13
4691 0 9
4692 1 18
4694 0 7
4695 0 9
4696 0 9
4697 0 7
4698 1 25
4699 0 21
4700 0 7
4703 0 14
4704 0 21
4705 0 10
4706 0 23
4708 0 7
4709 0 4
4710 0 9
4711 0 19
4712 0 8
4713 1 14
4714 0 16
4716 1 22
4718 0 15
4719 0 11
4720 1 22
4721 0 7
4723 0 3
4725 0 11
4726 0 11
4727 1 18
4729 0 9
4730 0 11
4731 0 11
4732 1 20
4733 0 4
4734 0 11
4735 0 8
4736 0 16
4737 0 10
4738 1 12
4739 1 7
4743 1 17
4744 0 9
4745 0 11
4748 0 7
4750 1 16
4753 1 16
4754 0 7
4755 1 39
4756 0 8
4758 0 11
4759 0 9
4760 1 14
4761 0 23
4762 0 15
4763 0 15
4764 0 5
4765 0 7
4766 0 19
4767 0 9
4768 0 11
4770 0 8
4771 1 27
4773 0 7
4777 1 16
4778 0 9
4779 0 10
4780 1 16
4781 0 16
4782 0 8
4783 1 18
4784 1 12
4786 0 10
4787 0 4
4789 0 9
4791 0 6
4792 0 11
4794 0 7
4795 1 15
4796 0 4
4797 0 10
4798 0 6
4799 0 6
4800 0 4
4801 0 11
4802 1 31
4803 0 6
4804 1 15
4806 0 11
4807 0 7
4809 0 7
4812 0 7
4813 1 17
4814 1 11
4816 1 13
4817 1 12
4818 0 8
4819 0 10
4820 0 17
4821 0 10
4822 0 6
4824 0 13
4825 0 3
4826 0 13
4827 0 11
4828 0 11
4830 0 9
4831 1 13
4832 1 11
4833 1 13
4834 1 37
4835 0 17
4836 0 12
4837 0 10
4838 0 6
4839 1 10
4840 0 11
4842 0 8
4843 0 9
4844 0 12
4846 0 11
4847 1 8
4848 0 9
4849 0 9
4850 0 9
4851 0 16
4852 1 11
4854 0 15
4855 0 25
4857 1 41
4858 0 11
4859 0 26
4860 0 8
4862 0 16
4863 1 17
4865 0 7
4867 0 10
4871 1 28
4872 1 13
4873 1 10
4875 1 19
4876 0 9
4877 1 23
4878 0 8
4879 1 22
4880 1 11
4882 0 9
4883 0 19
4884 1 16
4887 0 9
4888 0 11
4889 1 12
4890 0 6
4892 1 14
4893 1 19
4894 0 10
4895 1 9
4896 1 16
4897 1 15
4898 0 8
4899 0 10
4900 0 8
4901 1 9
4904 1 9
4905 0 10
4906 0 16
4907 0 11
4908 1 9
4910 0 4
4911 0 13
4912 0 8
4913 0 7
4914 0 16
4915 1 13
4916 0 7
4917 1 10
4918 0 34
4919 0 10
4920 1 16
4921 1 11
4922 0 8
4924 0 12
4925 0 13
4926 1 12
4927 0 5
4928 1 15
4929 1 13
4930 0 16
4931 1 17
4933 0 11
4935 0 7
4936 0 10
4938 1 9
4939 0 10
4940 0 42
4941 1 13
4942 0 11
4943 1 18
4944 1 15
4945 0 7
4946 0 10
4947 0 5
4948 1 11
4949 0 7
4950 0 15
4951 1 15
4952 1 23
4953 1 18
4955 1 13
4956 0 7
4958 0 20
4959 0 7
4960 0 9
4961 1 14
4964 0 7
4966 0 10
4967 0 4
4968 0 18
4969 1 13
4970 0 19
4971 0 13
4972 0 10
4973 1 13
4975 0 8
4976 0 10
4977 0 16
4979 0 7
4980 1 11
4981 0 7
4982 1 18
4983 0 12
4984 0 20
4985 1 13
4986 0 12
4987 0 3
4988 1 11
4990 1 22
4991 0 10
4993 0 8
4994 0 8
4995 0 11
4996 1 17
4997 0 7
4998 0 9
4999 0 10
5000 0 10
5001 0 7
5003 0 8
5004 0 10
5005 0 9
5006 1 20
5007 0 8
5008 0 11
5009 0 23
5010 0 10
5011 0 8
5014 1 12
5015 0 8
5016 1 11
5017 0 7
5020 1 19
5021 0 6
5022 0 10
5023 1 11
5025 0 23
5026 1 12
5027 0 18
5029 0 27
5030 0 9
5031 0 3
5032 0 19
5033 0 10
5034 0 10
5036 0 10
5037 0 5
5040 1 17
5042 0 7
5045 0 8
5048 1 23
5050 0 13
5051 1 22
5052 0 11
5053 0 9
5054 0 6
5055 0 5
5056 0 18
5058 0 22
5059 0 9
5060 1 16
5062 0 8
5063 1 11
5064 1 73
5065 0 9
5066 1 13
5067 1 11
5068 0 27
5069 0 16
5070 0 17
5071 0 9
5072 1 10
5073 1 15
5074 0 7
5076 0 10
5077 0 6
5078 1 11
5079 0 4
5080 1 31
5081 0 10
5082 1 11
5083 1 13
5084 0 8
5085 1 29
5086 0 5
5087 0 10
5088 0 8
5089 0 7
5090 0 11
5095 1 10
5096 1 10
5097 0 9
5098 1 14
5099 0 7
5100 0 8
5101 0 10
5102 0 21
5103 1 15
5104 0 7
5105 0 8
5106 0 8
5107 0 9
5108 0 7
5109 0 19
5112 0 11
5113 0 9
5116 0 21
5117 0 9
5118 0 9
5119 0 10
5120 1 10
5121 0 10
5122 1 21
5123 1 20
5126 0 19
5128 0 10
5130 1 16
5132 0 8
5133 0 8
5134 1 14
5135 0 11
5136 0 11
5137 1 17
5138 1 13
5139 0 9
5140 0 8
5141 1 22
5143 0 10
5145 0 11
5146 0 23
5147 0 7
5148 0 22
5150 0 11
5151 1 15
5152 0 9
5153 0 11
5154 0 10
5155 1 14
5156 0 11
5157 1 15
5158 1 13
5159 1 19
5160 0 16
5162 1 17
5163 0 19
5164 1 22
5165 0 25
5166 1 19
5167 0 7
5168 0 23
5169 0 10
5170 1 16
5171 0 9
5172 0 9
5173 0 10
5174 0 7
5175 1 10
5176 0 8
5178 0 10
5179 1 27
5181 0 21
5182 1 28
5183 0 9
5184 0 8
5185 0 8
5186 0 11
5188 1 12
5189 0 13
5190 0 9
5191 0 9
5192 0 8
5193 1 16
5194 0 8
5195 0 7
5196 1 19
5197 0 8
5199 0 8
5200 1 28
5202 0 10
5203 0 9
5204 0 10
5205 0 10
5206 0 16
5207 1 22
5208 0 36
5211 1 11
5212 0 11
5214 0 42
5215 1 16
5216 0 16
5217 0 8
5218 1 11
5219 0 10
5220 1 11
5221 1 8
5222 0 5
5223 1 10
5224 0 15
5225 0 7
5226 0 19
5227 1 14
5228 0 7
5231 0 11
5233 1 23
5236 0 4
5237 1 22
5238 0 9
5239 1 10
5240 1 12
5241 0 11
5242 0 11
5244 0 14
5249 0 8
5250 0 8
5251 0 7
5252 0 11
5253 1 11
5254 1 13
5255 0 10
5256 0 3
5258 1 25
5259 0 10
5261 0 9
5263 0 8
5264 0 9
5265 1 21
5266 1 10
5267 1 4
5269 0 4
5270 1 16
5272 0 10
5273 0 3
5274 0 16
5275 0 18
5276 0 11
5277 0 17
5278 1 19
5279 1 10
5280 0 7
5281 0 8
5282 0 4
5283 0 14
5284 0 8
5286 0 6
5287 0 8
5289 0 26
5290 1 21
5291 0 9
5292 0 8
5293 0 7
5294 0 22
5295 0 8
5296 0 11
5297 0 10
5299 0 9
5300 1 11
5302 1 14
5303 0 25
5304 0 8
5305 0 9
5306 0 9
5307 0 7
5308 0 15
5309 0 11
5310 0 7
5311 0 11
5312 0 3
5313 0 13
5316 1 7
5317 0 10
5318 0 12
5320 0 11
5321 0 16
5322 1 35
5323 1 26
5324 0 7
5328 1 14
5329 1 18
5330 0 9
5331 0 7
5332 0 18
5333 0 12
5334 0 7
5335 0 8
5336 0 9
5338 0 16
5339 0 8
5340 1 27
5341 0 11
5342 1 11
5343 0 9
5345 0 9
5346 0 17
5347 1 11
5348 0 3
5350 0 10
5351 0 12
5352 1 21
5356 0 7
5357 1 17
5358 0 8
5359 0 10
5360 0 9
5361 0 7
5362 0 10
5363 1 13
5367 1 12
5368 0 13
5370 0 11
5371 0 13
5373 0 9
5374 0 4
5375 1 41
5376 0 39
5378 0 9
5379 0 7
5381 0 14
5382 1 12
5383 0 11
5384 0 8
5385 0 7
5386 0 25
5387 0 8
5388 0 2
5390 0 9
5391 0 16
5392 0 7
5393 0 3
5394 0 9
5396 0 8
5397 0 9
5398 0 7
5400 0 16
5401 1 14
5402 0 22
5403 0 8
5404 0 9
5406 1 17
5408 1 18
5411 1 23
5412 0 10
5413 0 29
5415 1 3
5417 1 19
5418 0 9
5419 0 11
5421 1 18
5422 0 11
5424 0 8
5425 0 9
5426 0 8
5427 0 8
5428 1 14
5431 0 8
5432 0 6
5433 0 19
5434 0 6
5438 0 20
5439 1 8
5440 0 43
5445 0 8
5448 0 9
5449 0 6
5450 0 3
5452 0 13
5453 0 16
5454 0 23
5455 0 18
5456 1 11
5458 0 7
5459 0 16
5461 0 10
5462 0 10
5463 0 11
5464 0 21
5465 1 18
5466 0 7
5468 1 11
5469 0 11
5470 0 10
5473 0 7
5474 1 14
5475 0 10
5476 0 8
5477 0 9
5478 1 10
5480 0 13
5482 1 15
5483 0 7
5484 0 11
5485 0 7
5486 0 7
5487 0 7
5488 1 10
5491 0 7
5492 0 7
5493 1 13
5494 0 4
5495 1 11
5496 1 11
5498 0 7
5499 1 11
5500 1 16
5501 0 11
5502 1 2
5503 0 10
5504 1 11
5505 0 9
5506 0 10
5507 0 10
5508 1 15
5509 0 10
5510 1 16
5511 1 12
5512 0 4
5513 0 4
5514 0 8
5515 0 8
5516 1 18
5518 1 18
5519 1 18
5520 0 4
5521 0 16
5522 0 12
5523 0 16
5524 0 9
5525 0 7
5526 0 11
5527 0 17
5528 1 16
5529 0 9
5530 1 13
5532 0 10
5533 1 12
5534 0 10
5535 0 16
5537 0 7
5538 1 18
5539 1 23
5540 0 9
5542 0 8
5545 0 15
5547 1 11
5548 0 13
5549 0 11
5550 0 7
5551 0 11
5552 0 9
5553 0 8
5554 0 11
5555 0 7
5556 0 9
5557 1 21
5558 0 12
5560 0 25
5561 0 14
5562 0 10
5563 0 8
5564 1 23
5565 0 7
5566 0 11
5567 0 7
5569 1 27
5570 0 9
5571 0 8
5572 0 11
5573 1 9
5574 1 15
5575 1 14
5576 0 11
5577 0 10
5580 0 7
5581 0 21
5582 1 13
5583 1 12
5584 0 10
5586 0 17
5588 1 20
5589 0 8
5590 0 12
5591 0 7
5592 0 11
5593 0 12
5594 1 13
5595 0 9
5596 0 7
5597 0 18
5598 1 18
5599 1 17
5600 1 21
5601 1 17
5603 0 10
5604 0 7
5605 0 10
5606 0 7
5607 0 11
5608 0 20
5609 0 8
5611 1 11
5612 1 16
5614 0 9
5617 0 8
5618 0 10
5620 0 10
5621 0 10
5622 0 9
5623 0 8
5624 0 10
5625 0 22
5626 0 11
5627 1 8
5628 0 7
5629 0 12
5630 0 14
5632 1 12
5633 0 10
5634 0 7
5636 0 17
5637 0 12
5639 0 10
5640 0 11
5641 0 5
5642 0 17
5643 1 15
5644 0 10
5646 1 13
5648 0 23
5650 0 11
5652 0 11
5653 0 24
5654 0 8
5655 0 11
5656 0 16
5657 0 8
5658 1 17
5659 1 14
5660 0 15
5662 0 9
5663 0 9
5666 0 11
5667 0 13
5668 0 11
5669 0 10
5670 0 9
5671 0 6
5673 0 11
5674 0 13
5675 0 11
5678 0 7
5680 0 4
5681 1 12
5682 0 9
5683 1 12
5684 1 14
5685 0 10
5686 0 11
5687 0 10
5688 0 15
5689 0 7
5690 0 8
5691 0 10
5692 0 10
5693 0 7
5696 1 10
5697 0 8
5699 0 15
5701 0 25
5702 1 11
5704 1 16
5705 0 17
5707 0 7
5708 1 13
5709 0 8
5710 1 23
5711 1 17
5712 0 11
5714 0 7
5715 0 27
5717 0 6
5718 0 12
5719 0 9
5720 0 8
5721 1 21
5722 0 9
5723 0 16
5724 1 19
5725 0 7
5726 0 10
5727 0 10
5728 0 3
5729 0 11
5730 1 11
5731 0 8
5732 1 11
5733 1 20
5734 0 5
5735 0 16
5737 1 16
5738 0 21
5739 0 10
5740 0 43
5741 0 11
5742 1 14
5743 0 16
5744 0 11
5745 0 7
5746 0 2
5747 0 18
5748 0 19
5749 1 10
5750 1 15
5752 0 8
5753 0 15
5754 1 12
5755 0 3
5756 0 2
5757 0 4
5758 0 9
5759 0 10
5760 0 11
5761 1 42
5762 0 16
5763 0 10
5764 1 26
5766 0 9
5767 0 8
5768 1 16
5769 1 11
5770 1 26
5771 0 5
5773 0 11
5774 0 14
5775 0 11
5776 1 18
5778 0 24
5779 0 10
5780 0 10
5781 0 9
5782 0 8
5783 1 8
5784 0 11
5785 1 13
5786 0 6
5787 0 9
5788 1 15
5789 0 25
5790 0 36
5791 0 10
5792 0 7
5793 0 10
5795 0 3
5796 1 15
5797 0 10
5798 0 7
5799 1 15
5800 1 16
5801 1 11
5803 0 21
5805 1 21
5806 1 10
5807 0 11
5810 0 9
5811 0 16
5812 0 14
5813 1 11
5814 0 18
5815 0 7
5816 1 16
5817 1 17
5818 0 11
5819 0 29
5820 0 7
5821 0 6
5825 0 11
5826 0 9
5828 1 17
5829 1 11
5830 1 12
5831 0 11
5832 1 11
5833 0 21
5834 0 8
5835 0 35
5836 0 11
5837 0 13
5840 1 15
5842 0 7
5844 0 11
5845 0 9
5846 0 10
5847 0 9
5848 0 8
5849 0 9
5850 0 16
5851 0 5
5852 1 35
5853 0 18
5855 0 3
5856 0 11
5857 0 7
5858 0 4
5859 0 16
5860 0 11
5861 1 12
5862 0 11
5863 0 9
5864 0 8
5865 0 16
5866 1 17
5867 0 7
5868 0 21
5869 0 7
5870 0 11
5872 0 7
5875 0 7
5876 0 6
5878 0 7
5879 0 7
5880 0 10
5881 0 9
5882 0 11
5883 0 9
5884 0 8
5885 0 30
5886 0 11
5887 0 11
5889 1 13
5890 0 19
5891 0 8
5892 0 34
5893 0 13
5895 0 10
5896 1 15
5899 1 15
5900 0 11
5901 1 13
5902 0 15
5904 1 17
5905 0 9
5906 0 8
5907 0 11
5911 0 8
5912 1 26
5913 0 11
5914 1 8
5915 0 4
5916 0 10
5918 0 17
5919 1 13
5920 0 16
5921 0 8
5922 0 7
5925 0 12
5926 0 9
5927 0 11
5928 1 15
5929 0 10
5932 0 7
5933 0 11
5934 1 17
5936 0 10
5937 1 36
5938 0 10
5939 0 8
5940 0 7
5942 0 10
5943 0 11
5944 1 16
5945 0 8
5947 0 11
5948 0 9
5949 0 11
5950 0 8
5951 0 10
5952 1 14
5953 0 18
5954 1 13
5955 0 10
5957 1 14
5958 1 12
5959 0 11
5960 0 17
5961 0 28
5964 1 3
5965 0 16
5966 0 6
5968 0 9
5969 0 10
5970 0 8
5971 0 4
5972 0 6
5973 0 10
5974 0 4
5975 0 4
5976 1 14
5977 1 12
5978 0 9
5979 0 9
5980 1 31
5981 1 20
5982 0 9
5984 0 16
5985 1 21
5986 1 13
5987 0 3
5988 1 16
5989 0 11
5990 0 8
5991 0 7
5993 0 12
5994 0 18
5995 1 12
5996 0 10
5998 1 16
5999 0 8
6000 1 19
6001 1 11
6002 0 7
6003 0 12
6004 1 10
6005 0 4
6006 1 7
6007 0 16
6008 0 5
6010 0 20
6012 0 8
6013 0 11
6014 0 9
6017 0 10
6018 1 16
6019 0 11
6021 0 11
6022 0 10
6023 0 8
6024 0 14
6025 0 10
6027 0 10
6028 0 17
6030 0 29
6031 1 17
6032 0 11
6034 0 11
6035 0 9
6038 1 11
6041 0 15
6042 0 9
6043 0 8
6045 0 8
6049 0 8
6051 1 16
6052 0 7
6053 1 13
6054 1 11
6055 1 16
6056 0 13
6058 0 10
6059 0 10
6060 1 10
6061 0 9
6063 1 20
6064 0 8
6065 0 12
6066 0 17
6067 0 10
6068 0 11
6069 0 29
6070 0 15
6071 0 9
6072 1 17
6073 0 23
6074 0 8
6075 0 8
6076 1 21
6077 1 15
6078 0 9
6079 1 21
6080 1 9
6081 0 8
6083 0 47
6084 0 33
6085 0 8
6086 0 6
6087 0 11
6088 0 7
6091 0 10
6092 0 11
6093 0 23
6094 0 11
6095 1 13
6097 1 16
6098 0 17
6100 0 11
6101 0 10
6102 1 10
6103 0 4
6104 0 10
6105 0 13
6108 0 11
6109 0 17
6110 0 11
6111 0 15
6112 1 14
6113 0 9
6115 1 13
6116 0 7
6117 0 14
6118 1 13
6121 0 10
6122 0 11
6123 0 10
6124 0 7
6125 0 9
6126 0 14
6127 1 17
6129 0 11
6130 0 3
6133 1 16
6134 0 7
6136 1 11
6137 0 11
6138 0 6
6139 0 7
6140 0 16
6141 0 5
6143 0 18
6144 0 8
6145 0 9
6146 0 8
6147 0 7
6148 0 11
6149 0 10
6150 0 16
6151 1 12
6152 0 23
6153 0 11
6154 0 11
6155 0 6
6156 0 8
6157 0 7
6159 0 16
6160 0 10
6161 0 10
6162 1 7
6164 0 7
6165 0 10
6166 0 10
6167 1 23
6170 0 9
6171 1 50
6174 0 7
6176 0 11
6177 0 11
6178 0 6
6182 0 10
6183 0 7
6185 0 7
6186 0 7
6187 0 15
6188 0 3
6189 1 12
6190 0 8
6191 1 29
6192 1 26
6193 0 8
6195 0 8
6196 1 11
6197 0 11
6198 1 19
6199 0 9
6200 0 18
6201 0 11
6202 1 3
6203 1 12
6204 0 16
6205 0 17
6206 0 7
6208 0 11
6209 1 14
6211 0 18
6212 1 14
6213 0 9
6214 0 10
6215 0 2
6217 1 16
6219 0 10
6220 0 7
6222 0 7
6224 0 18
6225 0 10
6226 0 16
6229 0 15
6230 0 3
6231 0 11
6232 1 13
6233 1 9
6234 0 3
6235 0 10
6238 0 11
6240 0 6
6242 0 11
6243 0 12
6244 0 19
6245 0 16
6246 1 10
6248 0 24
6249 1 15
6250 1 18
6251 0 10
6252 0 8
6253 0 11
6254 0 14
6255 1 13
6256 0 16
6258 0 8
6260 0 10
6261 0 23
6263 1 11
6264 0 7
6265 0 17
6266 0 6
6267 0 7
6268 0 9
6271 1 14
6273 0 2
6275 0 21
6276 0 9
6277 0 3
6278 0 10
6279 1 19
6280 1 14
6282 0 8
6284 0 8
6285 1 17
6286 0 15
6287 0 15
6289 0 7
6290 0 6
6291 1 16
6292 0 8
6293 0 12
6296 0 10
6297 0 10
6298 0 11
6300 0 8
6301 0 9
6302 0 9
6303 0 10
6304 1 14
6305 1 24
6306 0 11
6307 0 9
6309 1 31
6310 0 18
6311 0 8
6312 0 7
6314 0 7
6315 1 19
6316 1 13
6317 0 15
6318 0 9
6320 1 40
6323 0 12
6324 0 10
6325 1 23
6326 0 11
6327 0 16
6328 1 29
6329 0 6
6330 0 16
6331 1 12
6332 0 11
6335 0 8
6336 0 11
6337 0 8
6338 0 9
6339 0 14
6340 1 14
6342 0 16
6343 0 7
6344 0 3
6345 0 8
6346 0 8
6348 1 12
6349 0 14
6350 1 17
6351 0 11
6352 0 9
6353 0 11
6354 0 9
6355 0 9
6356 0 10
6357 1 7
6358 0 10
6359 0 7
6361 0 11
6362 0 8
6364 0 11
6365 0 10
6367 0 14
6368 1 24
6369 1 16
6370 0 11
6371 0 13
6372 0 29
6373 1 17
6374 0 11
6375 0 8
6376 0 10
6377 0 10
6378 1 11
6379 1 10
6380 1 26
6381 1 17
6384 0 8
6385 1 16
6386 1 19
6387 0 7
6389 0 11
6392 0 2
6393 1 29
6394 0 8
6395 0 8
6397 1 12
6398 1 24
6399 1 13
6400 0 7
6404 0 15
6405 0 7
6406 0 4
6408 0 8
6410 0 11
6412 1 11
6413 0 10
6414 0 8
6416 0 26
6418 0 11
6421 0 10
6422 1 7
6423 0 19
6424 0 8
6425 0 7
6426 0 10
6427 1 16
6428 1 23
6429 0 10
6430 1 20
6431 0 17
6432 1 11
6435 0 11
6436 0 11
6438 0 10
6439 0 9
6440 0 15
6441 0 10
6442 0 10
6443 0 10
6444 0 11
6445 0 10
6446 0 8
6447 0 11
6448 0 10
6450 0 8
6451 1 11
6452 1 26
6453 0 8
6454 1 9
6455 1 18
6456 0 32
6457 1 11
6458 0 11
6459 0 9
6460 1 23
6461 1 19
6462 0 24
6463 0 7
6464 0 8
6465 0 9
6466 1 19
6467 1 22
6468 0 8
6470 0 11
6471 0 5
6472 0 16
6473 0 7
6474 0 9
6475 0 8
6476 0 10
6477 0 10
6478 0 10
6479 0 9
6480 0 19
6481 1 14
6483 0 10
6484 0 9
6485 0 8
6486 1 12
6487 0 3
6489 0 19
6490 1 29
6491 0 8
6492 0 7
6494 0 23
6496 1 20
6497 0 8
6498 0 11
6500 1 27
6502 0 8
6503 0 9
6504 0 2
6505 0 16
6506 0 11
6507 0 4
6508 1 12
6509 0 7
6510 1 11
6511 0 10
6513 0 7
6514 0 9
6515 0 7
6516 0 10
6517 0 7
6518 0 23
6519 1 17
6520 1 12
6521 0 29
6522 0 17
6523 0 11
6524 0 8
6527 0 17
6528 0 5
6531 1 17
6532 0 10
6535 0 8
6536 1 24
6537 1 12
6539 0 9
6540 0 6
6541 1 22
6542 0 6
6543 0 7
6544 0 8
6545 0 11
6547 1 26
6549 0 9
6550 0 8
6551 0 4
6552 0 8
6554 1 18
6555 0 9
6558 1 15
6560 1 21
6561 0 9
6562 0 16
6563 0 18
6564 1 12
6565 0 10
6568 0 11
6569 1 11
6571 0 4
6572 0 12
6574 0 8
6575 0 7
6576 0 16
6577 0 17
6578 1 11
6579 1 29
6580 0 2
6581 0 8
6583 1 29
6584 1 16
6585 0 15
6586 0 15
6588 1 16
6591 0 2
6592 1 16
6594 0 11
6596 0 15
6597 1 11
6599 0 11
6600 0 11
6602 0 7
6603 0 8
6604 0 17
6605 1 7
6606 0 7
6607 0 7
6608 1 11
6610 0 10
6611 0 18
6613 0 7
6614 0 4
6615 0 10
6616 0 4
6618 0 12
6620 0 6
6621 1 11
6622 0 7
6623 1 6
6624 0 7
6625 0 7
6626 1 11
6627 1 18
6629 0 7
6630 0 8
6631 0 11
6632 0 10
6633 0 15
6634 1 18
6636 0 19
6640 0 9
6642 0 13
6643 0 11
6644 0 9
6646 1 36
6647 0 9
6648 0 16
6650 0 10
6651 0 7
6652 1 24
6653 0 26
6654 1 13
6655 0 6
6656 1 10
6657 0 3
6658 0 9
6662 0 7
6663 0 5
6664 0 10
6665 0 16
6667 1 17
6669 0 11
6670 0 10
6671 0 8
6672 0 8
6674 0 8
6675 1 31
6676 1 13
6677 0 11
6678 0 23
6680 0 8
6681 0 10
6683 1 16
6684 0 17
6685 0 16
6686 0 10
6688 0 11
6689 0 7
6690 1 13
6691 1 13
6692 0 9
6694 0 7
6695 0 20
6696 0 12
6697 1 19
6698 1 28
6699 0 4
6700 0 3
6701 0 17
6702 1 6
6704 0 8
6705 1 21
6706 0 12
6707 0 5
6708 0 14
6713 0 11
6714 1 13
6715 0 11
6716 0 3
6717 0 3
6718 1 17
6719 0 4
6720 1 13
6722 1 13
6724 0 12
6725 0 16
6726 0 9
6727 0 11
6728 0 7
6729 1 18
6730 0 3
6731 0 23
6732 0 14
6734 0 16
6735 1 13
6737 1 13
6738 0 9
6739 0 12
6740 0 8
6741 0 8
6742 0 11
6743 1 16
6745 1 6
6746 1 11
6747 1 22
6750 0 7
6751 1 14
6752 0 14
6753 0 9
6756 0 10
6757 0 16
6758 0 14
6760 0 9
6761 0 3
6762 0 7
6763 0 10
6764 0 13
6765 0 6
6766 0 12
6767 0 8
6768 1 13
6769 0 4
6773 1 11
6774 0 9
6775 0 7
6777 0 10
6778 0 17
6779 0 15
6780 0 17
6781 0 8
6782 0 16
6783 1 28
6784 0 7
6785 0 18
6786 0 7
6787 1 12
6788 0 8
6789 0 14
6790 1 19
6791 0 4
6792 0 9
6793 1 18
6795 0 7
6796 0 9
6797 0 17
6798 1 12
6799 1 26
6800 0 12
6803 0 8
6804 0 17
6805 0 8
6806 0 10
6807 0 15
6808 0 3
6810 0 33
6811 0 10
6812 1 10
6813 0 9
6815 0 17
6816 0 9
6817 0 7
6818 1 11
6820 0 6
6821 0 4
6822 0 8
6823 0 12
6824 0 16
6826 0 19
6827 1 14
6828 0 17
6829 1 12
6830 0 7
6831 0 24
6832 0 17
6835 1 15
6837 0 6
6838 1 30
6839 1 13
6840 1 11
6841 1 12
6842 0 9
6843 0 11
6844 0 3
6845 0 6
6846 0 7
6847 0 15
6848 0 8
6849 0 16
6850 0 9
6851 1 11
6852 1 18
6853 0 14
6854 0 7
6855 1 26
6858 0 10
6859 0 2
6860 1 50
6862 0 8
6863 1 12
6864 1 16
6865 0 11
6866 0 8
6867 1 13
6869 0 7
6870 0 7
6872 0 7
6873 1 11
6874 1 30
6875 0 19
6876 1 12
6877 0 4
6878 0 19
6879 0 11
6880 0 10
6881 0 12
6882 0 16
6883 1 15
6884 0 6
6885 0 11
6887 1 11
6888 0 11
6889 0 8
6891 0 24
6892 0 21
6893 0 9
6894 1 13
6895 0 6
6896 1 8
6897 0 11
6899 1 12
6900 0 23
6903 0 10
6904 0 2
6906 0 9
6907 0 13
6908 1 23
6909 0 8
6910 0 9
6911 1 15
6912 0 7
6913 1 11
6914 1 17
6915 0 19
6916 0 10
6917 0 9
6918 0 11
6919 1 4
6920 1 11
6921 0 9
6923 1 37
6925 0 10
6926 0 9
6927 0 7
6928 1 21
6929 1 24
6931 1 11
6933 0 15
6934 0 10
6935 1 11
6936 1 11
6937 0 9
6939 1 16
6940 0 10
6941 0 6
6943 0 16
6944 0 6
6946 0 9
6947 0 8
6948 0 9
6949 0 16
6950 0 10
6952 1 15
6953 0 9
6954 0 7
6955 0 13
6956 0 8
6958 0 9
6959 1 11
6960 1 14
6962 1 17
6963 0 3
6965 0 10
6967 0 8
6968 0 11
6969 1 14
6970 0 9
6971 1 11
6972 0 16
6973 0 8
6974 0 9
6977 0 19
6978 1 17
6979 0 3
6981 1 19
6982 0 7
6983 0 6
6984 1 13
6985 0 7
6986 0 10
6987 1 16
6988 1 11
6989 0 21
6990 1 13
6992 0 9
6993 0 9
6994 1 12
6995 1 16
6997 1 15
6998 0 11
6999 0 11
7001 1 13
7002 0 7
7003 0 10
7004 1 9
7005 0 9
7006 1 17
7007 1 12
7008 0 35
7009 0 11
7010 0 11
7011 1 12
7012 0 7
7013 0 4
7014 1 14
7016 0 27
7017 0 12
7019 1 23
7020 0 10
7021 0 14
7022 0 18
7023 1 22
7024 0 5
7025 0 11
7026 0 5
7027 0 9
7028 0 7
7029 0 11
7030 0 6
7032 0 17
7033 0 11
7035 0 17
7036 0 8
7037 0 11
7038 0 9
7040 0 3
7041 1 32
7042 1 14
7043 1 14
7044 1 27
7045 0 11
7046 0 9
7047 1 12
7048 1 11
7049 0 11
7050 0 10
7051 0 6
7052 0 18
7053 0 10
7054 1 31
7055 0 11
7056 1 21
7057 0 17
7059 0 26
7060 0 37
7061 0 7
7062 0 29
7063 0 7
7064 0 9
7065 1 31
7066 0 8
7067 0 8
7068 1 7
7070 0 13
7071 1 18
7072 0 10
7073 0 11
7074 0 11
7076 1 13
7077 0 13
7078 0 8
7079 1 7
7080 1 14
7083 1 7
7084 1 18
7086 0 9
7087 0 8
7088 1 14
7089 0 21
7090 0 10
7091 1 15
7092 1 12
7093 0 8
7095 1 23
7096 1 16
7097 0 12
7099 1 11
7100 1 13
7101 0 11
7102 0 13
7103 0 18
7104 0 10
7105 0 11
7108 1 8
7109 0 9
7113 0 7
7114 0 30
7115 0 12
7117 0 9
7118 0 14
7119 1 18
7120 1 29
7122 0 8
7123 1 11
7124 1 11
7126 0 7
7127 0 9
7128 1 12
7130 1 12
7131 0 11
7132 0 7
7134 0 14
7135 0 10
7136 0 4
7137 0 9
7138 1 23
7139 0 22
7140 0 9
7142 0 10
7143 1 12
7144 0 11
7145 0 8
7146 1 11
7147 0 46
7148 0 9
7149 0 7
7150 1 17
7151 0 9
7152 0 11
7153 0 7
7154 0 8
7156 1 16
7158 0 7
7160 0 8
7161 0 11
7164 0 23
7165 1 8
7167 0 8
7169 0 12
7170 0 7
7171 0 10
7172 0 3
7173 1 14
7174 0 6
7175 0 24
7176 1 13
7177 0 3
7178 0 8
7179 0 8
7180 0 10
7181 0 11
7182 0 4
7184 0 8
7185 0 10
7186 1 17
7190 1 18
7191 1 11
7193 1 29
7194 0 8
7195 1 15
7196 0 10
7197 0 8
7198 0 3
7199 0 10
7200 0 8
7201 1 16
7202 0 9
7203 0 11
7204 0 7
7206 0 8
7207 1 12
7208 0 11
7209 1 13
7211 0 10
7212 0 8
7213 1 21
7214 1 22
7215 0 8
7216 1 14
7218 0 4
7219 0 11
7220 0 16
7221 0 6
7223 0 11
7224 0 8
7225 0 9
7226 0 10
7227 0 8
7229 1 36
7230 0 7
7231 0 9
7232 0 9
7234 0 13
7235 1 15
7236 1 21
7237 0 5
7238 0 6
7239 0 10
7240 0 14
7241 0 8
7243 0 8
7244 1 12
7245 1 24
7246 0 11
7247 0 12
7248 0 4
7249 0 11
7250 1 11
7251 0 8
7252 0 9
7253 0 10
7254 1 26
7255 1 11
7256 0 4
7258 0 10
7259 1 11
7260 0 11
7261 0 11
7262 0 3
7263 0 15
7265 0 11
7266 0 4
7267 1 11
7268 1 13
7269 1 7
7270 1 7
7272 0 16
7274 1 23
7275 0 7
7276 1 11
7277 1 17
7278 0 11
7279 1 12
7280 0 10
7281 0 17
7282 1 36
7283 0 6
7285 0 9
7286 0 19
7287 0 16
7288 1 9
7289 0 5
7290 0 3
7291 0 11
7292 0 8
7293 1 11
7296 0 9
7297 1 11
7298 1 22
7300 1 11
7301 0 10
7303 0 4
7304 1 19
7305 0 13
7306 0 14
7307 0 16
7311 1 17
7312 0 10
7316 0 7
7317 0 13
7319 0 8
7321 1 18
7323 0 14
7325 1 20
7326 1 8
7327 0 9
7328 0 8
7329 0 11
7330 0 11
7331 0 17
7332 0 15
7333 0 9
7334 0 11
7335 0 11
7336 0 11
7337 0 8
7338 1 19
7339 0 10
7340 1 13
7341 0 10
7342 0 16
7343 0 20
7344 0 10
7345 0 10
7346 0 9
7347 0 7
7348 0 9
7349 0 9
7350 1 15
7351 0 10
7352 1 16
7353 1 10
7354 0 8
7355 0 26
7356 1 12
7357 1 20
7358 0 9
7359 1 18
7360 1 19
7361 0 11
7362 1 18
7363 0 2
7364 1 11
7366 1 11
7367 0 16
7370 0 3
7371 0 11
7372 0 15
7373 1 16
7374 0 10
7375 1 30
7377 0 19
7378 0 5
7379 1 11
7380 0 11
7381 0 9
7382 1 11
7384 0 11
7385 0 31
7386 0 20
7387 1 17
7388 0 4
7389 0 11
7390 0 10
7391 0 8
7392 0 8
7394 1 15
7395 0 10
7396 1 16
7397 1 21
7398 0 4
7400 1 12
7401 0 6
7402 0 9
7403 1 14
7404 1 24
7405 0 11
7407 0 41
7409 0 11
7410 0 11
7411 1 12
7412 0 7
7414 0 12
7419 0 11
7420 1 21
7421 0 26
7422 0 11
7423 0 20
7424 0 10
7425 0 13
7426 0 9
7427 0 11
7428 0 7
7429 1 23
7430 0 10
7431 1 19
7432 1 10
7433 1 11
7434 0 11
7435 0 8
7436 1 33
7437 0 17
7438 0 7
7439 0 7
7440 0 8
7441 0 14
7443 1 35
7444 0 15
7445 0 16
7446 0 6
7447 0 7
7448 1 12
7449 0 9
7451 0 10
7452 0 10
7453 0 7
7454 1 14
7456 0 10
7457 0 9
7458 0 9
7459 0 7
7461 0 11
7463 0 8
7464 1 12
7465 0 16
7466 0 7
7468 0 8
7469 1 11
7470 0 8
7471 1 14
7472 1 14
7473 0 9
7475 0 16
7478 0 23
7479 0 9
7480 1 16
7481 0 8
7482 1 12
7483 0 7
7484 0 9
7485 0 7
7486 0 9
7487 1 11
7488 0 7
7489 0 3
7490 1 13
7491 0 11
7492 0 7
7493 0 10
7495 0 11
7496 1 16
7497 0 17
7498 0 11
7499 1 12
7500 1 13
7501 0 6
7502 0 13
7503 0 8
7505 1 20
7506 0 3
7507 0 11
7508 0 10
7509 0 3
7510 0 31
7511 0 13
7512 0 6
7513 0 22
7514 0 11
7515 0 16
7516 0 9
7517 0 6
7518 0 9
7519 0 13
7520 1 15
7521 0 8
7522 1 11
7523 1 17
7524 0 16
7525 0 11
7526 1 15
7527 0 11
7528 0 8
7529 0 16
7530 0 11
7531 1 18
7534 0 10
7535 1 13
7536 1 13
7537 0 16
7538 0 8
7541 1 10
7542 1 19
7544 1 11
7545 0 11
7547 0 8
7548 1 8
7549 1 12
7550 0 7
7552 0 7
7553 0 17
7556 0 11
7557 0 14
7558 0 8
7559 1 11
7560 0 10
7561 0 9
7562 0 29
7563 0 11
7564 1 15
7565 1 25
7566 1 15
7567 1 13
7569 0 19
7570 0 10
7571 0 8
7572 0 11
7573 0 8
7574 0 8
7575 0 10
7576 1 29
7577 0 6
7578 0 10
7579 0 9
7580 0 11
7581 0 16
7582 0 12
7583 1 12
7584 0 10
7585 1 28
7588 0 12
7589 1 22
7591 0 15
7592 0 7
7593 1 15
7594 0 7
7595 0 11
7596 0 17
7597 0 21
7598 1 13
7599 1 20
7600 0 21
7601 0 9
7602 0 10
7604 0 11
7605 1 7
7607 0 8
7608 0 18
7609 0 9
7610 0 15
7611 0 25
7612 1 23
7613 0 18
7615 0 11
7617 0 12
7619 0 9
7620 1 14
7621 1 12
7622 1 23
7623 1 11
7624 0 9
7626 1 13
7627 0 9
7628 0 12
7629 0 8
7630 0 7
7632 1 17
7633 1 15
7634 0 3
7635 0 15
7636 1 18
7637 0 11
7638 0 12
7639 0 7
7640 0 7
7641 0 17
7642 0 10
7643 0 7
7646 0 6
7647 0 6
7650 0 21
7652 0 9
7654 0 10
7655 0 9
7657 0 16
7659 0 6
7660 0 8
7661 0 8
7662 0 7
7663 0 10
7666 0 9
7667 0 6
7669 0 13
7670 0 11
7671 0 5
7672 1 13
7673 0 11
7674 1 17
7675 0 6
7676 0 10
7677 1 11
7678 0 16
7679 1 14
7680 0 7
7682 0 10
7683 0 22
7684 0 7
7685 0 7
7686 0 8
7687 1 7
7688 0 9
7689 0 9
7690 0 8
7691 0 19
7692 0 9
7693 0 10
7694 1 9
7695 1 14
7696 1 19
7697 0 7
7699 0 11
7700 0 10
7704 0 38
7705 0 3
7708 0 11
7709 0 11
7710 1 12
7711 1 16
7712 0 33
7713 0 7
7714 0 9
7716 0 11
7718 1 24
7719 0 10
7720 0 5
7721 0 5
7722 0 14
7723 0 3
7724 1 31
7725 0 11
7727 1 54
7728 0 9
7729 0 11
7730 1 13
7731 0 10
7732 1 21
7733 1 8
7734 1 19
7736 0 11
7737 0 17
7738 0 10
7739 0 8
7740 0 15
7741 1 24
7742 0 4
7743 1 17
7744 0 9
7745 0 32
7746 1 11
7748 0 7
7750 0 9
7751 1 29
7752 1 14
7753 1 13
7755 0 7
7756 1 16
7757 1 8
7759 0 7
7760 0 25
7761 0 10
7762 1 11
7763 0 10
7764 1 22
7765 1 14
7766 0 11
7767 0 42
7768 0 8
7769 1 15
7770 0 16
7771 1 26
7772 0 11
7773 1 17
7775 1 24
7776 0 13
7777 0 9
7778 0 4
7780 0 8
7781 0 10
7782 0 8
7783 0 12
7784 0 10
7786 1 9
7787 0 5
7788 0 8
7789 1 16
7791 1 12
7792 0 9
7795 0 13
7796 0 10
7797 1 15
7798 0 4
7799 0 11
7800 0 11
7801 1 10
7802 0 7
7803 1 30
7805 1 11
7806 0 13
7809 0 12
7810 1 24
7811 0 8
7812 0 9
7813 0 8
7814 0 10
7815 0 8
7816 0 11
7818 0 13
7819 0 10
7820 0 11
7821 0 34
7823 0 9
7824 0 16
7826 0 7
7827 0 3
7828 1 49
7830 0 6
7831 1 15
7832 0 9
7833 0 12
7834 1 15
7835 0 9
7837 1 16
7838 0 12
7839 1 15
7840 0 11
7841 0 11
7842 0 11
7843 0 18
7844 1 18
7847 0 11
7848 0 7
7849 0 12
7850 0 7
7851 0 7
7852 0 9
7853 0 8
7854 0 3
7855 0 8
7856 0 8
7857 0 10
7859 1 14
7860 1 19
7861 1 7
7862 0 6
7863 0 10
7865 0 19
7866 1 15
7867 0 12
7869 0 3
7870 0 9
7873 0 8
7875 0 10
7877 1 11
7878 0 10
7879 0 15
7884 0 3
7885 0 10
7886 0 9
7887 0 15
7888 0 16
7889 1 23
7890 0 3
7891 1 24
7892 0 18
7893 1 13
7894 1 12
7896 1 16
7897 0 10
7898 0 8
7899 1 12
7900 1 12
7901 0 10
7902 0 4
7903 0 13
7904 0 17
7906 1 13
7907 0 11
7909 0 8
7910 1 22
7911 0 10
7912 0 9
7913 1 11
7914 0 6
7915 0 10
7917 0 17
7918 1 11
7919 0 9
7920 0 17
7921 0 6
7922 0 10
7923 1 12
7924 0 11
7925 0 11
7927 1 18
7928 1 20
7929 0 10
7931 0 11
7933 0 11
7934 0 6
7935 0 10
7936 0 14
7939 0 9
7940 0 11
7941 0 16
7942 1 47
7943 0 2
7944 1 12
7945 0 18
7946 0 9
7947 0 13
7948 1 12
7949 0 16
7950 0 15
7951 1 9
7952 0 11
7953 0 14
7954 1 13
7955 0 5
7956 0 3
7957 0 10
7958 0 27
7959 0 10
7960 1 2
7961 0 11
7962 0 10
7963 0 11
7964 0 17
7965 0 11
7966 1 12
7967 0 11
7968 0 10
7969 0 17
7970 0 11
7971 0 11
7972 0 15
7973 0 20
7974 0 7
7975 1 18
7976 1 16
7977 0 10
7979 1 9
7980 0 8
7983 0 7
7984 0 6
7985 1 11
7987 1 15
7988 0 11
7989 1 11
7990 0 10
7991 1 21
7992 1 21
7993 0 3
7995 1 12
7996 0 9
7997 0 10
7998 0 4
7999 0 16
8000 0 7
8002 0 11
8003 0 3
8004 0 9
8006 0 7
8007 1 12
8008 1 28
8009 1 9
8011 0 11
8013 0 10
8014 1 12
8017 0 3
8019 1 25
8021 0 8
8022 0 11
8023 0 13
8024 1 22
8028 0 11
8029 0 11
8030 1 10
8031 0 8
8032 0 16
8033 1 12
8035 0 9
8036 0 8
8037 1 12
8038 0 11
8039 1 16
8042 1 14
8043 1 12
8044 0 10
8045 0 9
8046 0 8
8048 1 16
8049 0 11
8050 0 11
8051 0 25
8052 0 7
8053 1 18
8055 0 9
8056 0 9
8057 0 8
8058 0 17
8059 1 18
8061 0 9
8062 0 9
8064 0 9
8067 0 10
8068 0 15
8069 1 22
8070 0 7
8072 0 7
8073 1 18
8074 0 16
8075 0 16
8077 0 9
8078 1 24
8081 0 10
8082 1 23
8083 0 8
8084 1 13
8085 0 12
8086 0 3
8087 0 7
8088 1 12
8089 0 7
8090 0 24
8091 0 7
8092 1 47
8093 1 16
8094 0 8
8096 0 10
8097 1 11
8098 0 10
8099 0 7
8100 1 16
8101 1 18
8103 0 12
8105 0 10
8106 0 4
8108 0 11
8109 0 25
8112 0 13
8113 0 3
8114 0 4
8118 1 8
8119 1 44
8120 1 6
8121 0 11
8122 0 4
8123 0 8
8124 0 10
8125 1 14
8126 0 8
8127 0 4
8128 0 9
8129 0 5
8130 0 19
8132 0 22
8134 1 18
8135 0 10
8136 1 10
8137 0 8
8138 1 22
8139 1 17
8141 0 11
8142 0 10
8143 0 24
8145 0 7
8147 1 14
8148 1 10
8149 0 3
8150 1 22
8152 1 11
8154 0 24
8156 1 11
8157 0 9
8159 1 7
8160 0 8
8162 1 7
8163 0 13
8165 0 10
8167 0 9
8168 0 7
8169 1 7
8170 0 9
8172 0 3
8173 0 3
8174 1 11
8175 1 12
8176 1 12
8177 1 12
8180 0 9
8181 0 17
8182 0 16
8183 0 31
8185 0 9
8187 0 10
8188 0 9
8190 0 13
8191 1 11
8193 0 10
8194 0 17
8195 0 7
8197 0 3
8198 0 3
8201 1 17
8202 1 13
8203 0 6
8204 1 16
8205 1 18
8206 0 11
8207 1 19
8208 1 12
8210 0 3
8211 1 11
8212 0 10
8213 0 7
8214 0 7
8215 0 9
8217 0 11
8218 0 10
8219 0 7
8220 0 16
8221 0 11
8222 0 9
8223 0 11
8224 0 11
8226 0 8
8227 0 32
8229 1 35
8230 0 17
8231 0 10
8232 0 10
8233 0 10
8234 0 16
8235 0 16
8236 0 8
8237 0 12
8239 0 9
8240 0 8
8241 0 3
8243 1 11
8244 0 9
8245 0 11
8246 0 9
8247 0 9
8248 0 7
8249 0 2
8250 1 16
8251 1 20
8253 0 8
8255 0 4
8256 1 17
8257 0 28
8258 1 12
8259 1 9
8260 0 9
8261 1 11
8262 0 7
8264 0 14
8266 0 16
8267 0 4
8268 1 11
8269 0 7
8270 0 9
8271 1 14
8272 0 10
8273 0 24
8275 0 11
8276 0 14
8277 0 10
8278 0 8
8279 1 11
8280 0 10
8281 0 11
8282 0 10
8284 0 7
8286 0 16
8287 1 3
8288 0 21
8289 0 9
8290 1 12
8291 1 19
8292 0 9
8293 0 9
8294 0 16
8295 0 11
8296 1 19
8297 1 11
8298 0 9
8299 1 10
8300 0 7
8301 0 6
8302 0 8
8303 1 43
8305 0 10
8306 0 10
8308 1 23
8309 1 17
8310 0 11
8311 1 19
8312 0 7
8314 0 10
8315 1 15
8316 0 8
8317 0 11
8318 1 11
8319 0 8
8321 0 10
8322 1 8
8323 1 12
8324 0 11
8325 1 8
8326 0 9
8328 0 9
8330 0 6
8331 1 17
8333 1 11
8334 0 7
8335 0 16
8337 0 7
8338 0 6
8339 0 8
8341 0 13
8342 0 10
8343 1 16
8344 0 16
8346 1 13
8347 0 10
8348 0 7
8349 1 12
8350 1 17
8351 0 8
8352 0 6
8353 0 6
8354 0 16
8355 0 10
8356 0 17
8357 1 14
8358 1 17
8359 1 18
8360 0 10
8361 0 3
8362 0 10
8363 0 20
8365 0 9
8366 1 16
8367 0 6
8368 1 13
8369 0 13
8370 1 13
8371 0 35
8372 1 19
8374 0 7
8375 0 9
8376 0 8
8377 0 7
8378 0 7
8379 0 10
8380 0 41
8381 0 9
8382 1 39
8383 0 24
8384 1 20
8385 0 13
8386 0 3
8387 0 18
8388 0 11
8389 0 10
8390 1 12
8391 0 15
8392 0 26
8393 0 9
8394 0 9
8396 0 11
8397 0 9
8399 0 8
8400 0 7
8401 0 17
8402 1 6
8403 0 20
8404 0 16
8406 1 15
8407 0 8
8408 0 11
8409 0 16
8410 0 7
8413 1 15
8414 0 5
8415 0 6
8416 0 9
8417 0 6
8418 1 21
8419 0 8
8420 0 7
8421 1 17
8423 1 14
8424 0 8
8425 1 16
8426 0 7
8427 0 7
8428 0 11
8429 0 4
8430 0 12
8431 1 18
8432 0 7
8433 0 8
8434 1 10
8435 1 16
8436 0 10
8437 0 9
8439 1 16
8440 0 17
8441 0 12
8442 0 8
8443 1 12
8444 0 16
8445 0 12
8446 0 20
8447 0 3
8448 0 16
8449 1 17
8450 0 11
8451 0 13
8452 0 11
8454 1 11
8455 0 7
8456 1 14
8457 0 16
8458 1 12
8459 1 9
8460 0 9
8461 0 4
8462 0 16
8463 1 16
8464 0 16
8465 1 23
8467 0 5
8469 1 12
8471 0 9
8473 0 15
8474 0 3
8475 1 11
8476 0 17
8478 0 6
8480 0 11
8483 0 11
8484 0 5
8485 0 7
8486 0 8
8487 0 10
8488 0 8
8489 0 10
8490 0 11
8492 0 7
8493 0 4
8494 0 3
8495 1 8
8496 1 11
8497 0 3
8498 0 8
8499 0 8
8500 0 10
8502 0 20
8503 0 7
8504 1 14
8505 0 7
8506 0 19
8507 0 9
8508 0 16
8509 0 9
8510 1 15
8512 0 14
8513 0 8
8514 1 8
8517 0 7
8518 0 9
8519 0 8
8520 0 4
8521 0 9
8522 0 8
8524 0 7
8525 0 2
8526 1 10
8527 0 8
8528 1 17
8529 1 17
8532 0 10
8533 0 7
8534 0 7
8540 0 17
8541 0 11
8542 0 6
8543 0 7
8544 1 12
8545 0 3
8546 1 33
8548 0 9
8549 0 22
8551 0 15
8552 0 11
8553 0 14
8554 1 11
8555 0 13
8556 1 11
8557 1 10
8558 0 13
8559 1 39
8560 0 8
8561 0 15
8562 1 17
8564 0 8
8565 1 15
8566 1 12
8567 0 12
8568 0 9
8569 0 40
8570 0 10
8572 1 11
8573 0 10
8575 0 10
8576 0 6
8577 0 18
8578 0 9
8579 0 6
8580 0 18
8581 1 16
8582 1 13
8583 1 11
8584 0 12
8586 0 11
8587 1 10
8588 0 11
8589 1 31
8590 1 11
8592 0 10
8593 0 10
8594 0 11
8595 0 3
8597 0 9
8598 1 11
8599 0 11
8600 0 11
8601 0 9
8602 0 7
8603 0 10
8604 0 7
8605 1 12
8606 1 13
8607 0 8
8608 1 6
8609 0 9
8610 1 24
8612 1 9
8613 1 16
8614 0 4
8616 0 18
8617 0 5
8618 0 23
8621 0 9
8622 1 8
8623 1 11
8624 0 8
8625 1 15
8626 0 16
8627 0 7
8628 0 7
8630 0 7
8631 0 23
8632 0 8
8633 0 7
8634 0 25
8636 0 11
8638 0 7
8639 0 7
8640 0 8
8641 0 15
8642 0 23
8643 0 15
8644 0 7
8645 1 11
8647 0 11
8648 0 11
8649 0 16
8650 0 8
8651 1 22
8652 1 15
8653 0 11
8654 0 10
8655 1 18
8656 1 11
